0.992717266082764
0.96975177526474
0.884291589260101
0.845170080661774
0.946783125400543
0.673606157302856
0.846420466899872
0.992717266082764
0.995043337345123
0.943789184093475
0.889970541000366
0.985014021396637
0.878593027591705
0.941251397132874
0.96975177526474
0.995043337345123
0.986126005649567
0.958930015563965
0.99670684337616
0.898345172405243
0.974008679389954
0.884291589260101
0.943789184093475
0.986126005649567
0.995632410049438
0.99608325958252
0.877366900444031
0.976162195205688
0.845170080661774
0.889970541000366
0.958930015563965
0.995632410049438
0.989644765853882
0.782152056694031
0.953268110752106
0.946783125400543
0.985014021396637
0.99670684337616
0.99608325958252
0.989644765853882
0.929869651794434
0.981047332286835
0.673606157302856
0.878593027591705
0.898345172405243
0.877366900444031
0.782152056694031
0.929869651794434
0.891377985477448
0.846420466899872
0.941251397132874
0.974008679389954
0.976162195205688
0.953268110752106
0.981047332286835
0.891377985477448
0.998923480510712
0.994928181171417
0.952831566333771
0.789458572864532
0.971843421459198
0.822370886802673
0.975723922252655
0.998923480510712
0.999309182167053
0.982710480690002
0.899560153484344
0.995296716690063
0.905634582042694
0.993270993232727
0.994928181171417
0.999309182167053
0.997225165367126
0.961393237113953
0.999638795852661
0.954147934913635
0.998772621154785
0.952831566333771
0.982710480690002
0.997225165367126
0.997393786907196
0.999469459056854
0.949058949947357
0.998634219169617
0.789458572864532
0.899560153484344
0.961393237113953
0.997393786907196
0.983345508575439
0.894545257091522
0.975849866867065
0.971843421459198
0.995296716690063
0.999638795852661
0.999469459056854
0.983345508575439
0.955384492874146
0.999562799930573
0.822370886802673
0.905634582042694
0.954147934913635
0.949058949947357
0.894545257091522
0.955384492874146
0.971293151378632
0.975723922252655
0.993270993232727
0.998772621154785
0.998634219169617
0.975849866867065
0.999562799930573
0.971293151378632
0.994272410869598
0.985274851322174
0.963449895381927
0.947502732276917
0.937293469905853
0.867024600505829
0.885750234127045
0.994272410869598
0.969485700130463
0.940548539161682
0.943214535713196
0.892559945583344
0.856276273727417
0.904747486114502
0.985274851322174
0.969485700130463
0.996549785137177
0.993824183940887
0.991793155670166
0.941360592842102
0.961053967475891
0.963449895381927
0.940548539161682
0.996549785137177
0.992090344429016
0.991931021213531
0.951523005962372
0.961564660072327
0.947502732276917
0.943214535713196
0.993824183940887
0.992090344429016
0.988051652908325
0.974989295005798
0.986029267311096
0.937293469905853
0.892559945583344
0.991793155670166
0.991931021213531
0.988051652908325
0.969754278659821
0.969548583030701
0.867024600505829
0.856276273727417
0.941360592842102
0.951523005962372
0.974989295005798
0.969754278659821
0.977003037929535
0.885750234127045
0.904747486114502
0.961053967475891
0.961564660072327
0.986029267311096
0.969548583030701
0.977003037929535
0.998659372329712
0.974145233631134
0.906813263893127
0.880050480365753
0.915068328380585
0.794695734977722
0.916680514812469
0.998659372329712
0.986804842948914
0.949579656124115
0.943533420562744
0.935289919376373
0.808415591716766
0.929806232452393
0.974145233631134
0.986804842948914
0.991686940193176
0.977903664112091
0.991502523422241
0.966762900352478
0.989865601062775
0.906813263893127
0.949579656124115
0.991686940193176
0.996788024902344
0.987803936004639
0.961834311485291
0.9909707903862
0.880050480365753
0.943533420562744
0.977903664112091
0.996788024902344
0.977961301803589
0.92611163854599
0.981454730033875
0.915068328380585
0.935289919376373
0.991502523422241
0.987803936004639
0.977961301803589
0.994942367076874
0.990513980388641
0.794695734977722
0.808415591716766
0.966762900352478
0.961834311485291
0.92611163854599
0.994942367076874
0.972004473209381
0.916680514812469
0.929806232452393
0.989865601062775
0.9909707903862
0.981454730033875
0.990513980388641
0.972004473209381
0.999712646007538
0.995007336139679
0.952226221561432
0.717197000980377
0.96209591627121
0.811552047729492
0.937816381454468
0.999712646007538
0.999469518661499
0.98402327299118
0.880094587802887
0.988073706626892
0.911876440048218
0.961189448833466
0.995007336139679
0.999469518661499
0.997584760189056
0.958081543445587
0.997984766960144
0.975589096546173
0.989105641841888
0.952226221561432
0.98402327299118
0.997584760189056
0.994366407394409
0.998343467712402
0.979338109493256
0.989870429039001
0.717197000980377
0.880094587802887
0.958081543445587
0.994366407394409
0.980858683586121
0.905036389827728
0.966641068458557
0.96209591627121
0.988073706626892
0.997984766960144
0.998343467712402
0.980858683586121
0.990149855613709
0.995044529438019
0.811552047729492
0.911876440048218
0.975589096546173
0.979338109493256
0.905036389827728
0.990149855613709
0.987028062343597
0.937816381454468
0.961189448833466
0.989105641841888
0.989870429039001
0.966641068458557
0.995044529438019
0.987028062343597
0.997847318649292
0.987425208091736
0.865242063999176
0.728437125682831
0.936133325099945
0.928102552890778
0.915447235107422
0.997847318649292
0.997409820556641
0.939069449901581
0.880959987640381
0.916023373603821
0.931835412979126
0.931632876396179
0.987425208091736
0.997409820556641
0.991124272346497
0.94823294878006
0.980469822883606
0.981498599052429
0.982122421264648
0.865242063999176
0.939069449901581
0.991124272346497
0.996316373348236
0.988871693611145
0.968791782855988
0.985771298408508
0.728437125682831
0.880959987640381
0.94823294878006
0.996316373348236
0.967476308345795
0.948379635810852
0.956261038780212
0.936133325099945
0.916023373603821
0.980469822883606
0.988871693611145
0.967476308345795
0.999265372753143
0.987995505332947
0.928102552890778
0.931835412979126
0.981498599052429
0.968791782855988
0.948379635810852
0.999265372753143
0.980466783046722
0.915447235107422
0.931632876396179
0.982122421264648
0.985771298408508
0.956261038780212
0.987995505332947
0.980466783046722
0.997549295425415
0.995889902114868
0.979142963886261
0.95342755317688
0.980158269405365
0.795292019844055
0.979908347129822
0.997549295425415
0.998536825180054
0.988544344902039
0.970024168491364
0.992186188697815
0.719748437404633
0.982238829135895
0.995889902114868
0.998536825180054
0.99458110332489
0.974846601486206
0.994870841503143
0.839442193508148
0.984976470470428
0.979142963886261
0.988544344902039
0.99458110332489
0.998634994029999
0.999145686626434
0.931729018688202
0.997294783592224
0.95342755317688
0.970024168491364
0.974846601486206
0.998634994029999
0.996723532676697
0.841755747795105
0.993798851966858
0.980158269405365
0.992186188697815
0.994870841503143
0.999145686626434
0.996723532676697
0.918772399425507
0.997060596942902
0.795292019844055
0.719748437404633
0.839442193508148
0.931729018688202
0.841755747795105
0.918772399425507
0.922425448894501
0.979908347129822
0.982238829135895
0.984976470470428
0.997294783592224
0.993798851966858
0.997060596942902
0.922425448894501
0.998264014720917
0.969078958034515
0.898135602474213
0.613272726535797
0.949971437454224
0.810358345508575
0.91221809387207
0.998264014720917
0.986829161643982
0.879061818122864
0.428883463144302
0.95142787694931
0.888269603252411
0.943900465965271
0.969078958034515
0.986829161643982
0.988618016242981
0.880798757076263
0.997284829616547
0.947778046131134
0.992540776729584
0.898135602474213
0.879061818122864
0.988618016242981
0.985283613204956
0.998998284339905
0.963464975357056
0.996553242206573
0.613272726535797
0.428883463144302
0.880798757076263
0.985283613204956
0.944287240505219
0.723334848880768
0.919044375419617
0.949971437454224
0.95142787694931
0.997284829616547
0.998998284339905
0.944287240505219
0.967545628547668
0.997655987739563
0.810358345508575
0.888269603252411
0.947778046131134
0.963464975357056
0.723334848880768
0.967545628547668
0.964489579200745
0.91221809387207
0.943900465965271
0.992540776729584
0.996553242206573
0.919044375419617
0.997655987739563
0.964489579200745
0.998549044132233
0.991797626018524
0.964861273765564
0.669093012809753
0.954205095767975
0.739613234996796
0.950172185897827
0.998549044132233
0.996736824512482
0.982740163803101
0.778927385807037
0.97930783033371
0.678649842739105
0.974713265895844
0.991797626018524
0.996736824512482
0.999039590358734
0.942889332771301
0.998433411121368
0.935266494750977
0.997312486171722
0.964861273765564
0.982740163803101
0.999039590358734
0.986120223999023
0.99968820810318
0.939803600311279
0.998986065387726
0.669093012809753
0.778927385807037
0.942889332771301
0.986120223999023
0.979901194572449
0.578805565834045
0.973080337047577
0.954205095767975
0.97930783033371
0.998433411121368
0.99968820810318
0.979901194572449
0.926770091056824
0.999341070652008
0.739613234996796
0.678649842739105
0.935266494750977
0.939803600311279
0.578805565834045
0.926770091056824
0.873181402683258
0.950172185897827
0.974713265895844
0.997312486171722
0.998986065387726
0.973080337047577
0.999341070652008
0.873181402683258
0.999178767204285
0.994236409664154
0.947194218635559
0.854874730110168
0.902924180030823
0.720413446426392
0.968168795108795
0.999178767204285
0.998128354549408
0.970970511436462
0.886599183082581
0.95030689239502
0.887855529785156
0.991687774658203
0.994236409664154
0.998128354549408
0.996917009353638
0.973237335681915
0.992894232273102
0.970335125923157
0.997571527957916
0.947194218635559
0.970970511436462
0.996917009353638
0.998528718948364
0.99815559387207
0.983270823955536
0.997549533843994
0.854874730110168
0.886599183082581
0.973237335681915
0.998528718948364
0.992008805274963
0.947894632816315
0.982630968093872
0.902924180030823
0.95030689239502
0.992894232273102
0.99815559387207
0.992008805274963
0.996892333030701
0.995872914791107
0.720413446426392
0.887855529785156
0.970335125923157
0.983270823955536
0.947894632816315
0.996892333030701
0.975834786891937
0.968168795108795
0.991687774658203
0.997571527957916
0.997549533843994
0.982630968093872
0.995872914791107
0.975834786891937
0.997961163520813
0.964819014072418
0.920181810855865
0.859756112098694
0.92954432964325
0.867107450962067
0.905037641525269
0.997961163520813
0.989761412143707
0.955881416797638
0.849116504192352
0.955415189266205
0.904534637928009
0.959374904632568
0.964819014072418
0.989761412143707
0.993147790431976
0.97753119468689
0.991860628128052
0.987205266952515
0.986029922962189
0.920181810855865
0.955881416797638
0.993147790431976
0.997987926006317
0.990015089511871
0.986521422863007
0.992721140384674
0.859756112098694
0.849116504192352
0.97753119468689
0.997987926006317
0.971229255199432
0.968440473079681
0.983341574668884
0.92954432964325
0.955415189266205
0.991860628128052
0.990015089511871
0.971229255199432
0.999594509601593
0.991034209728241
0.867107450962067
0.904534637928009
0.987205266952515
0.986521422863007
0.968440473079681
0.999594509601593
0.98373681306839
0.905037641525269
0.959374904632568
0.986029922962189
0.992721140384674
0.983341574668884
0.991034209728241
0.98373681306839
0.998726367950439
0.970323979854584
0.857260763645172
0.685342848300934
0.918486893177032
0.591442883014679
0.892774343490601
0.998726367950439
0.990951299667358
0.915342569351196
0.632810354232788
0.960751235485077
0.754240334033966
0.942066252231598
0.970323979854584
0.990951299667358
0.991104483604431
0.921029031276703
0.999059557914734
0.941779732704163
0.989319145679474
0.857260763645172
0.915342569351196
0.991104483604431
0.984878242015839
0.998267889022827
0.92321789264679
0.992465615272522
0.685342848300934
0.632810354232788
0.921029031276703
0.984878242015839
0.944315016269684
0.396633088588715
0.923619866371155
0.918486893177032
0.960751235485077
0.999059557914734
0.998267889022827
0.944315016269684
0.962273120880127
0.995435535907745
0.591442883014679
0.754240334033966
0.941779732704163
0.92321789264679
0.396633088588715
0.962273120880127
0.934160709381104
0.892774343490601
0.942066252231598
0.989319145679474
0.992465615272522
0.923619866371155
0.995435535907745
0.934160709381104
0.998387217521667
0.980238735675812
0.876342535018921
0.719075739383698
0.94351601600647
0.63305801153183
0.939698219299316
0.998387217521667
0.994637787342072
0.931992530822754
0.831577003002167
0.977621376514435
0.727652966976166
0.969630777835846
0.980238735675812
0.994637787342072
0.993452429771423
0.955931484699249
0.999073207378387
0.948196768760681
0.997974574565887
0.876342535018921
0.931992530822754
0.993452429771423
0.996454060077667
0.998616278171539
0.925571024417877
0.996757805347443
0.719075739383698
0.831577003002167
0.955931484699249
0.996454060077667
0.987832546234131
0.80934876203537
0.980435907840729
0.94351601600647
0.977621376514435
0.999073207378387
0.998616278171539
0.987832546234131
0.958963513374329
0.998630046844482
0.63305801153183
0.727652966976166
0.948196768760681
0.925571024417877
0.80934876203537
0.958963513374329
0.952812373638153
0.939698219299316
0.969630777835846
0.997974574565887
0.996757805347443
0.980435907840729
0.998630046844482
0.952812373638153
0.999103844165802
0.987070858478546
0.864435315132141
0.726451396942139
0.938549220561981
0.807812750339508
0.909942984580994
0.999103844165802
0.999669909477234
0.98263144493103
0.891403436660767
0.992414891719818
0.854671120643616
0.92878931760788
0.987070858478546
0.999669909477234
0.998421609401703
0.963607668876648
0.999346792697906
0.935926914215088
0.980561912059784
0.864435315132141
0.98263144493103
0.998421609401703
0.997141420841217
0.997660994529724
0.911168217658997
0.96158641576767
0.726451396942139
0.891403436660767
0.963607668876648
0.997141420841217
0.977833092212677
0.820235788822174
0.920816600322723
0.938549220561981
0.992414891719818
0.999346792697906
0.997660994529724
0.977833092212677
0.986267566680908
0.996841788291931
0.807812750339508
0.854671120643616
0.935926914215088
0.911168217658997
0.820235788822174
0.986267566680908
0.993664145469666
0.909942984580994
0.92878931760788
0.980561912059784
0.96158641576767
0.920816600322723
0.996841788291931
0.993664145469666
0.999163210391998
0.988120198249817
0.659002125263214
0.278399586677551
0.926290273666382
0.483350217342377
0.90715616941452
0.999163210391998
0.997979402542114
0.854066669940948
0.508943498134613
0.971816003322601
0.392696082592011
0.952552378177643
0.988120198249817
0.997979402542114
0.980773627758026
0.815424144268036
0.999225735664368
0.830090224742889
0.993948101997375
0.659002125263214
0.854066669940948
0.980773627758026
0.985938489437103
0.998532593250275
0.556647956371307
0.982139945030212
0.278399586677551
0.508943498134613
0.815424144268036
0.985938489437103
0.930064380168915
0.145273312926292
0.841398477554321
0.926290273666382
0.971816003322601
0.999225735664368
0.998532593250275
0.930064380168915
0.880208909511566
0.99838525056839
0.483350217342377
0.392696082592011
0.830090224742889
0.556647956371307
0.145273312926292
0.880208909511566
0.909462690353394
0.90715616941452
0.952552378177643
0.993948101997375
0.982139945030212
0.841398477554321
0.99838525056839
0.909462690353394
0.999881446361542
0.997685432434082
0.976780414581299
0.90602833032608
0.982153594493866
0.789509117603302
0.946266770362854
0.999881446361542
0.999562680721283
0.989737212657928
0.923843681812286
0.992262482643127
0.906554996967316
0.972620844841003
0.997685432434082
0.999562680721283
0.999619960784912
0.983295738697052
0.999613344669342
0.962624311447144
0.994914531707764
0.976780414581299
0.989737212657928
0.999619960784912
0.998703718185425
0.99996429681778
0.988735437393188
0.998956739902496
0.90602833032608
0.923843681812286
0.983295738697052
0.998703718185425
0.998450398445129
0.942095041275024
0.992911040782928
0.982153594493866
0.992262482643127
0.999613344669342
0.99996429681778
0.998450398445129
0.993053257465363
0.999444961547852
0.789509117603302
0.906554996967316
0.962624311447144
0.988735437393188
0.942095041275024
0.993053257465363
0.984197199344635
0.946266770362854
0.972620844841003
0.994914531707764
0.998956739902496
0.992911040782928
0.999444961547852
0.984197199344635
0.999496877193451
0.989182949066162
0.869723975658417
0.649516344070435
0.892651796340942
0.544315278530121
0.783055365085602
0.999496877193451
0.998224973678589
0.953958094120026
0.804329991340637
0.964883089065552
0.737458050251007
0.91084498167038
0.989182949066162
0.998224973678589
0.995857715606689
0.919240534305573
0.995224177837372
0.936561286449432
0.976226449012756
0.869723975658417
0.953958094120026
0.995857715606689
0.998028159141541
0.996626019477844
0.938794374465942
0.986779510974884
0.649516344070435
0.804329991340637
0.919240534305573
0.998028159141541
0.945355355739594
0.558227896690369
0.892648875713348
0.892651796340942
0.964883089065552
0.995224177837372
0.996626019477844
0.945355355739594
0.994859337806702
0.999032139778137
0.544315278530121
0.737458050251007
0.936561286449432
0.938794374465942
0.558227896690369
0.994859337806702
0.988365530967712
0.783055365085602
0.91084498167038
0.976226449012756
0.986779510974884
0.892648875713348
0.999032139778137
0.988365530967712
0.999357342720032
0.987443566322327
0.95057213306427
0.834627628326416
0.977704584598541
0.91372811794281
0.945347368717194
0.999357342720032
0.996473133563995
0.972743928432465
0.910713493824005
0.992626249790192
0.938594818115234
0.960003793239594
0.987443566322327
0.996473133563995
0.994405627250671
0.970745027065277
0.999384522438049
0.997660458087921
0.997568845748901
0.95057213306427
0.972743928432465
0.994405627250671
0.998239099979401
0.998587667942047
0.960697412490845
0.986995339393616
0.834627628326416
0.910713493824005
0.970745027065277
0.998239099979401
0.988582372665405
0.891595363616943
0.953157365322113
0.977704584598541
0.992626249790192
0.999384522438049
0.998587667942047
0.988582372665405
0.991945683956146
0.994694411754608
0.91372811794281
0.938594818115234
0.997660458087921
0.960697412490845
0.891595363616943
0.991945683956146
0.995740234851837
0.945347368717194
0.960003793239594
0.997568845748901
0.986995339393616
0.953157365322113
0.994694411754608
0.995740234851837
0.998912692070007
0.99461418390274
0.983660876750946
0.955378115177155
0.988022923469543
0.92753279209137
0.976770043373108
0.998912692070007
0.994978189468384
0.978859901428223
0.945659458637238
0.98782753944397
0.927884340286255
0.981544852256775
0.99461418390274
0.994978189468384
0.99668937921524
0.978281378746033
0.998112678527832
0.962031543254852
0.989031910896301
0.983660876750946
0.978859901428223
0.99668937921524
0.994388580322266
0.999066293239594
0.982822239398956
0.992305278778076
0.955378115177155
0.945659458637238
0.978281378746033
0.994388580322266
0.990253806114197
0.932177066802979
0.977626264095306
0.988022923469543
0.98782753944397
0.998112678527832
0.999066293239594
0.990253806114197
0.975617647171021
0.991940498352051
0.92753279209137
0.927884340286255
0.962031543254852
0.982822239398956
0.932177066802979
0.975617647171021
0.977991282939911
0.976770043373108
0.981544852256775
0.989031910896301
0.992305278778076
0.977626264095306
0.991940498352051
0.977991282939911
0.99871438741684
0.969032466411591
0.93082869052887
0.70239782333374
0.875756502151489
0.680743157863617
0.842160582542419
0.99871438741684
0.983624517917633
0.954709768295288
0.754556477069855
0.915844440460205
0.684659540653229
0.862957060337067
0.969032466411591
0.983624517917633
0.999103844165802
0.968992948532104
0.998136878013611
0.970106244087219
0.979082643985748
0.93082869052887
0.954709768295288
0.999103844165802
0.994268715381622
0.997693538665771
0.967718780040741
0.979568064212799
0.70239782333374
0.754556477069855
0.968992948532104
0.994268715381622
0.987245261669159
0.919593811035156
0.960279226303101
0.875756502151489
0.915844440460205
0.998136878013611
0.997693538665771
0.987245261669159
0.974119424819946
0.987963795661926
0.680743157863617
0.684659540653229
0.970106244087219
0.967718780040741
0.919593811035156
0.974119424819946
0.953527748584747
0.842160582542419
0.862957060337067
0.979082643985748
0.979568064212799
0.960279226303101
0.987963795661926
0.953527748584747
0.99869030714035
0.979178905487061
0.891581058502197
0.62145870923996
0.928649842739105
0.780808508396149
0.879623115062714
0.99869030714035
0.995773553848267
0.939534425735474
0.803257882595062
0.964348673820496
0.869869709014893
0.902255237102509
0.979178905487061
0.995773553848267
0.993233680725098
0.949822604656219
0.997026085853577
0.945811629295349
0.976575613021851
0.891581058502197
0.939534425735474
0.993233680725098
0.994312286376953
0.99889612197876
0.983689963817596
0.986324727535248
0.62145870923996
0.803257882595062
0.949822604656219
0.994312286376953
0.978816211223602
0.865214288234711
0.947262465953827
0.928649842739105
0.964348673820496
0.997026085853577
0.99889612197876
0.978816211223602
0.994521617889404
0.993113338947296
0.780808508396149
0.869869709014893
0.945811629295349
0.983689963817596
0.865214288234711
0.994521617889404
0.956846475601196
0.879623115062714
0.902255237102509
0.976575613021851
0.986324727535248
0.947262465953827
0.993113338947296
0.956846475601196
0.999167144298553
0.974498391151428
0.806282341480255
0.521089792251587
0.791717290878296
0.168678253889084
0.839901685714722
0.999167144298553
0.990784704685211
0.847765803337097
0.676183879375458
0.842843294143677
0.309353232383728
0.901748895645142
0.974498391151428
0.990784704685211
0.995899736881256
0.961557567119598
0.995633542537689
0.85518491268158
0.994998276233673
0.806282341480255
0.847765803337097
0.995899736881256
0.998736023902893
0.999860227108002
0.940591096878052
0.99947202205658
0.521089792251587
0.676183879375458
0.961557567119598
0.998736023902893
0.998204708099365
0.863270401954651
0.996299028396606
0.791717290878296
0.842843294143677
0.995633542537689
0.999860227108002
0.998204708099365
0.965390503406525
0.999687612056732
0.168678253889084
0.309353232383728
0.85518491268158
0.940591096878052
0.863270401954651
0.965390503406525
0.947462916374207
0.839901685714722
0.901748895645142
0.994998276233673
0.99947202205658
0.996299028396606
0.999687612056732
0.947462916374207
0.999067485332489
0.992683827877045
0.955039203166962
0.68699038028717
0.953710079193115
0.750028848648071
0.948782682418823
0.999067485332489
0.998891830444336
0.988718628883362
0.790588557720184
0.989362597465515
0.882223546504974
0.980775535106659
0.992683827877045
0.998891830444336
0.998648047447205
0.930029690265656
0.998732268810272
0.966492056846619
0.995342969894409
0.955039203166962
0.988718628883362
0.998648047447205
0.985532402992249
0.999739944934845
0.973709464073181
0.996578872203827
0.68699038028717
0.790588557720184
0.930029690265656
0.985532402992249
0.990075409412384
0.845086395740509
0.961396217346191
0.953710079193115
0.989362597465515
0.998732268810272
0.999739944934845
0.990075409412384
0.984454989433289
0.997613787651062
0.750028848648071
0.882223546504974
0.966492056846619
0.973709464073181
0.845086395740509
0.984454989433289
0.971845507621765
0.948782682418823
0.980775535106659
0.995342969894409
0.996578872203827
0.961396217346191
0.997613787651062
0.971845507621765
0.998008787631989
0.986642360687256
0.917750298976898
0.490714073181152
0.748692035675049
0.758363127708435
0.852065980434418
0.998008787631989
0.99957150220871
0.989286005496979
0.712771058082581
0.957836866378784
0.929876208305359
0.974488079547882
0.986642360687256
0.99957150220871
0.998161375522614
0.870863258838654
0.989408612251282
0.974431872367859
0.995038568973541
0.917750298976898
0.989286005496979
0.998161375522614
0.993099987506866
0.999915540218353
0.9996138215065
0.999940812587738
0.490714073181152
0.712771058082581
0.870863258838654
0.993099987506866
0.997650921344757
0.991858601570129
0.992461562156677
0.748692035675049
0.957836866378784
0.989408612251282
0.999915540218353
0.997650921344757
0.999935984611511
0.999971807003021
0.758363127708435
0.929876208305359
0.974431872367859
0.9996138215065
0.991858601570129
0.999935984611511
0.999867081642151
0.852065980434418
0.974488079547882
0.995038568973541
0.999940812587738
0.992461562156677
0.999971807003021
0.999867081642151
0.998612642288208
0.989272058010101
0.7084019780159
0.222099795937538
0.9164177775383
0.0972554981708527
0.921172201633453
0.998612642288208
0.998643338680267
0.900416314601898
0.837549269199371
0.985182225704193
0.349646627902985
0.977012574672699
0.989272058010101
0.998643338680267
0.969003021717072
0.869744956493378
0.997003018856049
0.878957986831665
0.995524287223816
0.7084019780159
0.900416314601898
0.969003021717072
0.998611986637115
0.998102605342865
0.803358972072601
0.992562234401703
0.222099795937538
0.837549269199371
0.869744956493378
0.998611986637115
0.981998443603516
0.271759629249573
0.964822590351105
0.9164177775383
0.985182225704193
0.997003018856049
0.998102605342865
0.981998443603516
0.912969052791595
0.999017596244812
0.0972554981708527
0.349646627902985
0.878957986831665
0.803358972072601
0.271759629249573
0.912969052791595
0.807536125183105
0.921172201633453
0.977012574672699
0.995524287223816
0.992562234401703
0.964822590351105
0.999017596244812
0.807536125183105
