0.997441112995148
0.983224511146545
0.948626518249512
0.800859451293945
0.962587177753448
0.892629444599152
0.96204149723053
0.997441112995148
0.995782315731049
0.976550757884979
0.883664309978485
0.986915528774261
0.857362329959869
0.987354457378387
0.983224511146545
0.995782315731049
0.995716094970703
0.967267513275146
0.998367309570313
0.946379482746124
0.996706366539001
0.948626518249512
0.976550757884979
0.995716094970703
0.990879237651825
0.998814165592194
0.962037265300751
0.997872710227966
0.800859451293945
0.883664309978485
0.967267513275146
0.990879237651825
0.980555474758148
0.832222044467926
0.981932640075684
0.962587177753448
0.986915528774261
0.998367309570313
0.998814165592194
0.980555474758148
0.960993647575378
0.997894942760468
0.892629444599152
0.857362329959869
0.946379482746124
0.962037265300751
0.832222044467926
0.960993647575378
0.94579815864563
0.96204149723053
0.987354457378387
0.996706366539001
0.997872710227966
0.981932640075684
0.997894942760468
0.94579815864563
0.999343574047089
0.994969546794891
0.903240501880646
0.553962647914886
0.973694145679474
0.608848929405212
0.959824502468109
0.999343574047089
0.995817303657532
0.877713859081268
0.545628905296326
0.948112607002258
0.650530755519867
0.943464994430542
0.994969546794891
0.995817303657532
0.991785109043121
0.889050185680389
0.996622204780579
0.896915972232819
0.991628408432007
0.903240501880646
0.877713859081268
0.991785109043121
0.989084780216217
0.998215675354004
0.935739874839783
0.993339359760284
0.553962647914886
0.545628905296326
0.889050185680389
0.989084780216217
0.952943503856659
0.600956201553345
0.962091088294983
0.973694145679474
0.948112607002258
0.996622204780579
0.998215675354004
0.952943503856659
0.954632699489594
0.997555911540985
0.608848929405212
0.650530755519867
0.896915972232819
0.935739874839783
0.600956201553345
0.954632699489594
0.883984565734863
0.959824502468109
0.943464994430542
0.991628408432007
0.993339359760284
0.962091088294983
0.997555911540985
0.883984565734863
0.997638523578644
0.975268959999084
0.90373021364212
0.718154788017273
0.920740902423859
0.857326924800873
0.936049044132233
0.997638523578644
0.99011641740799
0.942575931549072
0.854639112949371
0.958051264286041
0.885419607162476
0.960425794124603
0.975268959999084
0.99011641740799
0.995438873767853
0.950592637062073
0.99740743637085
0.963185727596283
0.993544280529022
0.90373021364212
0.942575931549072
0.995438873767853
0.992738127708435
0.99930077791214
0.989701449871063
0.994424819946289
0.718154788017273
0.854639112949371
0.950592637062073
0.992738127708435
0.989143013954163
0.961261868476868
0.975705444812775
0.920740902423859
0.958051264286041
0.99740743637085
0.99930077791214
0.989143013954163
0.988442420959473
0.997834146022797
0.857326924800873
0.885419607162476
0.963185727596283
0.989701449871063
0.961261868476868
0.988442420959473
0.978196978569031
0.936049044132233
0.960425794124603
0.993544280529022
0.994424819946289
0.975705444812775
0.997834146022797
0.978196978569031
0.996920108795166
0.966955721378326
0.856167554855347
0.780048727989197
0.896144270896912
0.496227860450745
0.902683198451996
0.996920108795166
0.991717398166656
0.934798836708069
0.884721994400024
0.955634295940399
0.562197804450989
0.945320725440979
0.966955721378326
0.991717398166656
0.99775755405426
0.979276418685913
0.998955547809601
0.906265676021576
0.996751010417938
0.856167554855347
0.934798836708069
0.99775755405426
0.997263312339783
0.999830782413483
0.90594094991684
0.998940646648407
0.780048727989197
0.884721994400024
0.979276418685913
0.997263312339783
0.994382500648499
0.618931949138641
0.988224923610687
0.896144270896912
0.955634295940399
0.998955547809601
0.999830782413483
0.994382500648499
0.921407520771027
0.998767256736755
0.496227860450745
0.562197804450989
0.906265676021576
0.90594094991684
0.618931949138641
0.921407520771027
0.927650272846222
0.902683198451996
0.945320725440979
0.996751010417938
0.998940646648407
0.988224923610687
0.998767256736755
0.927650272846222
0.994226515293121
0.947934746742249
0.670257151126862
0.307610005140305
0.802696526050568
0.278343260288239
0.718928158283234
0.994226515293121
0.992282867431641
0.877814650535584
0.71786493062973
0.942658066749573
0.56774640083313
0.930460453033447
0.947934746742249
0.992282867431641
0.989119827747345
0.903325319290161
0.995862543582916
0.853444993495941
0.986315548419952
0.670257151126862
0.877814650535584
0.989119827747345
0.982933342456818
0.998537421226501
0.901393830776215
0.98951518535614
0.307610005140305
0.71786493062973
0.903325319290161
0.982933342456818
0.973069667816162
0.739965915679932
0.952513635158539
0.802696526050568
0.942658066749573
0.995862543582916
0.998537421226501
0.973069667816162
0.898787260055542
0.995298385620117
0.278343260288239
0.56774640083313
0.853444993495941
0.901393830776215
0.739965915679932
0.898787260055542
0.898262023925781
0.718928158283234
0.930460453033447
0.986315548419952
0.98951518535614
0.952513635158539
0.995298385620117
0.898262023925781
0.999867022037506
0.962903201580048
0.888677060604095
0.696925044059753
0.933319628238678
0.683003604412079
0.70398223400116
0.999867022037506
0.975022315979004
0.926259517669678
0.772876083850861
0.958559274673462
0.822432577610016
0.690400123596191
0.962903201580048
0.975022315979004
0.997190594673157
0.946237564086914
0.999695062637329
0.976969957351685
0.969869673252106
0.888677060604095
0.926259517669678
0.997190594673157
0.996774137020111
0.999020218849182
0.97669392824173
0.980170011520386
0.696925044059753
0.772876083850861
0.946237564086914
0.996774137020111
0.969752490520477
0.870783448219299
0.951968789100647
0.933319628238678
0.958559274673462
0.999695062637329
0.999020218849182
0.969752490520477
0.99031788110733
0.980435073375702
0.683003604412079
0.822432577610016
0.976969957351685
0.97669392824173
0.870783448219299
0.99031788110733
0.973946154117584
0.70398223400116
0.690400123596191
0.969869673252106
0.980170011520386
0.951968789100647
0.980435073375702
0.973946154117584
0.998865842819214
0.972024917602539
0.872545301914215
0.635822534561157
0.948918879032135
0.482134401798248
0.823880314826965
0.998865842819214
0.995621263980865
0.936702072620392
0.787144660949707
0.985356569290161
0.821229040622711
0.906022191047668
0.972024917602539
0.995621263980865
0.998681485652924
0.941455900669098
0.999797105789185
0.976603507995605
0.984133660793304
0.872545301914215
0.936702072620392
0.998681485652924
0.993087828159332
0.99931126832962
0.954047620296478
0.987058520317078
0.635822534561157
0.787144660949707
0.941455900669098
0.993087828159332
0.966383039951324
0.749653935432434
0.933906972408295
0.948918879032135
0.985356569290161
0.999797105789185
0.99931126832962
0.966383039951324
0.973930597305298
0.984289944171906
0.482134401798248
0.821229040622711
0.976603507995605
0.954047620296478
0.749653935432434
0.973930597305298
0.88951051235199
0.823880314826965
0.906022191047668
0.984133660793304
0.987058520317078
0.933906972408295
0.984289944171906
0.88951051235199
0.996527969837189
0.980499148368835
0.948283672332764
0.809057176113129
0.959858417510986
0.722685992717743
0.927825093269348
0.996527969837189
0.990999102592468
0.965104818344116
0.824382901191711
0.972828507423401
0.727183759212494
0.954412043094635
0.980499148368835
0.990999102592468
0.99317878484726
0.943463802337646
0.9946049451828
0.909579753875732
0.993496835231781
0.948283672332764
0.965104818344116
0.99317878484726
0.989772319793701
0.996174335479736
0.860710144042969
0.990319609642029
0.809057176113129
0.824382901191711
0.943463802337646
0.989772319793701
0.987245738506317
0.708599448204041
0.960936546325684
0.959858417510986
0.972828507423401
0.9946049451828
0.996174335479736
0.987245738506317
0.852120220661163
0.993998765945435
0.722685992717743
0.727183759212494
0.909579753875732
0.860710144042969
0.708599448204041
0.852120220661163
0.927972316741943
0.927825093269348
0.954412043094635
0.993496835231781
0.990319609642029
0.960936546325684
0.993998765945435
0.927972316741943
0.999804556369781
0.996087968349457
0.954302549362183
0.915499269962311
0.979130387306213
0.901401996612549
0.889331102371216
0.999804556369781
0.996453583240509
0.950084924697876
0.914585828781128
0.980249643325806
0.887962818145752
0.877411544322968
0.996087968349457
0.996453583240509
0.998935699462891
0.987775266170502
0.999668896198273
0.992968022823334
0.987673699855804
0.954302549362183
0.950084924697876
0.998935699462891
0.99960058927536
0.999548852443695
0.992693483829498
0.99129331111908
0.915499269962311
0.914585828781128
0.987775266170502
0.99960058927536
0.994045734405518
0.971973419189453
0.976930618286133
0.979130387306213
0.980249643325806
0.999668896198273
0.999548852443695
0.994045734405518
0.997744023799896
0.992002427577972
0.901401996612549
0.887962818145752
0.992968022823334
0.992693483829498
0.971973419189453
0.997744023799896
0.997693359851837
0.889331102371216
0.877411544322968
0.987673699855804
0.99129331111908
0.976930618286133
0.992002427577972
0.997693359851837
0.997634708881378
0.976705610752106
0.845411837100983
0.386183381080627
0.920442759990692
0.547695219516754
0.903204321861267
0.997634708881378
0.995926976203918
0.942877292633057
0.741019785404205
0.973918795585632
0.755768954753876
0.959098935127258
0.976705610752106
0.995926976203918
0.994942903518677
0.919610679149628
0.998095393180847
0.839178204536438
0.995859503746033
0.845411837100983
0.942877292633057
0.994942903518677
0.993008673191071
0.999470055103302
0.896903812885284
0.997092604637146
0.386183381080627
0.741019785404205
0.919610679149628
0.993008673191071
0.979543924331665
0.623135447502136
0.949164390563965
0.920442759990692
0.973918795585632
0.998095393180847
0.999470055103302
0.979543924331665
0.903903484344482
0.998475551605225
0.547695219516754
0.755768954753876
0.839178204536438
0.896903812885284
0.623135447502136
0.903903484344482
0.917967796325684
0.903204321861267
0.959098935127258
0.995859503746033
0.997092604637146
0.949164390563965
0.998475551605225
0.917967796325684
0.999439656734467
0.993665337562561
0.915028750896454
0.585350275039673
0.956615149974823
0.386966675519943
0.95063579082489
0.999439656734467
0.997409403324127
0.94730681180954
0.483925253152847
0.983710050582886
0.495471119880676
0.962096452713013
0.993665337562561
0.997409403324127
0.989583313465118
0.857129633426666
0.997640550136566
0.76366662979126
0.992110013961792
0.915028750896454
0.94730681180954
0.989583313465118
0.987941265106201
0.998679995536804
0.792159140110016
0.991408467292786
0.585350275039673
0.483925253152847
0.857129633426666
0.987941265106201
0.956127047538757
0.530395328998566
0.936543405056
0.956615149974823
0.983710050582886
0.997640550136566
0.998679995536804
0.956127047538757
0.858963012695313
0.995170772075653
0.386966675519943
0.495471119880676
0.76366662979126
0.792159140110016
0.530395328998566
0.858963012695313
0.931114494800568
0.95063579082489
0.962096452713013
0.992110013961792
0.991408467292786
0.936543405056
0.995170772075653
0.931114494800568
0.99922776222229
0.961042582988739
0.855958640575409
0.728808283805847
0.916180789470673
0.795923709869385
0.905605912208557
0.99922776222229
0.985963940620422
0.923149406909943
0.630997598171234
0.941178679466248
0.881995022296906
0.956997931003571
0.961042582988739
0.985963940620422
0.998191893100739
0.980110764503479
0.99900209903717
0.964865505695343
0.998803436756134
0.855958640575409
0.923149406909943
0.998191893100739
0.997602701187134
0.999653100967407
0.986830532550812
0.999285340309143
0.728808283805847
0.630997598171234
0.980110764503479
0.997602701187134
0.995458126068115
0.947033941745758
0.992580831050873
0.916180789470673
0.941178679466248
0.99900209903717
0.999653100967407
0.995458126068115
0.988012969493866
0.999558448791504
0.795923709869385
0.881995022296906
0.964865505695343
0.986830532550812
0.947033941745758
0.988012969493866
0.986281394958496
0.905605912208557
0.956997931003571
0.998803436756134
0.999285340309143
0.992580831050873
0.999558448791504
0.986281394958496
0.992270529270172
0.910041749477386
0.779486536979675
0.416708141565323
0.851990103721619
0.684106767177582
0.887364745140076
0.992270529270172
0.974086582660675
0.817557513713837
0.398352771997452
0.89080137014389
0.659026861190796
0.920111477375031
0.910041749477386
0.974086582660675
0.928528726100922
0.819740295410156
0.970076858997345
0.768202781677246
0.97714638710022
0.779486536979675
0.817557513713837
0.928528726100922
0.962359189987183
0.987047553062439
0.763250112533569
0.97857666015625
0.416708141565323
0.398352771997452
0.819740295410156
0.962359189987183
0.906202971935272
0.362971812486649
0.869507670402527
0.851990103721619
0.89080137014389
0.970076858997345
0.987047553062439
0.906202971935272
0.955088376998901
0.994700491428375
0.684106767177582
0.659026861190796
0.768202781677246
0.763250112533569
0.362971812486649
0.955088376998901
0.922146379947662
0.887364745140076
0.920111477375031
0.97714638710022
0.97857666015625
0.869507670402527
0.994700491428375
0.922146379947662
0.99814385175705
0.986184597015381
0.895645678043365
0.390216410160065
0.917742729187012
0.816930174827576
0.761140465736389
0.99814385175705
0.996418535709381
0.934213280677795
0.692182838916779
0.957549750804901
0.88748437166214
0.832801401615143
0.986184597015381
0.996418535709381
0.995926022529602
0.948546171188354
0.994560301303864
0.983770608901978
0.951785802841187
0.895645678043365
0.934213280677795
0.995926022529602
0.997186899185181
0.99959659576416
0.996586084365845
0.993093132972717
0.390216410160065
0.692182838916779
0.948546171188354
0.997186899185181
0.993431329727173
0.981285035610199
0.983546435832977
0.917742729187012
0.957549750804901
0.994560301303864
0.99959659576416
0.993431329727173
0.998027384281158
0.996558248996735
0.816930174827576
0.88748437166214
0.983770608901978
0.996586084365845
0.981285035610199
0.998027384281158
0.98769998550415
0.761140465736389
0.832801401615143
0.951785802841187
0.993093132972717
0.983546435832977
0.996558248996735
0.98769998550415
0.988970160484314
0.932497501373291
0.746281921863556
0.515096426010132
0.788494944572449
0.729349732398987
0.848341763019562
0.988970160484314
0.996016025543213
0.929001867771149
0.783587098121643
0.945104360580444
0.685486018657684
0.93430370092392
0.932497501373291
0.996016025543213
0.993951499462128
0.931703507900238
0.997281908988953
0.738049209117889
0.993622481822968
0.746281921863556
0.929001867771149
0.993951499462128
0.993414103984833
0.999576449394226
0.768623769283295
0.998521149158478
0.515096426010132
0.783587098121643
0.931703507900238
0.993414103984833
0.981791496276855
0.732675850391388
0.976208388805389
0.788494944572449
0.945104360580444
0.997281908988953
0.999576449394226
0.981791496276855
0.767803370952606
0.998444080352783
0.729349732398987
0.685486018657684
0.738049209117889
0.768623769283295
0.732675850391388
0.767803370952606
0.833265125751495
0.848341763019562
0.93430370092392
0.993622481822968
0.998521149158478
0.976208388805389
0.998444080352783
0.833265125751495
0.999577760696411
0.991173982620239
0.732701122760773
0.1426060795784
0.909761607646942
0.853829443454742
0.841680109500885
0.999577760696411
0.99201226234436
0.773315787315369
0.14619080722332
0.925821781158447
0.808847546577454
0.876194179058075
0.991173982620239
0.99201226234436
0.901369869709015
0.368729382753372
0.982593655586243
0.912802636623383
0.938383102416992
0.732701122760773
0.773315787315369
0.901369869709015
0.966011703014374
0.996945977210999
0.968162953853607
0.975508272647858
0.1426060795784
0.14619080722332
0.368729382753372
0.966011703014374
0.839470863342285
0.475087136030197
0.789333522319794
0.909761607646942
0.925821781158447
0.982593655586243
0.996945977210999
0.839470863342285
0.993940412998199
0.99028867483139
0.853829443454742
0.808847546577454
0.912802636623383
0.968162953853607
0.475087136030197
0.993940412998199
0.944841206073761
0.841680109500885
0.876194179058075
0.938383102416992
0.975508272647858
0.789333522319794
0.99028867483139
0.944841206073761
0.993305325508118
0.981000542640686
0.901780843734741
0.684261381626129
0.905355453491211
0.510215044021606
0.852092742919922
0.993305325508118
0.99588418006897
0.936268091201782
0.836993098258972
0.9502934217453
0.52566659450531
0.912987053394318
0.981000542640686
0.99588418006897
0.984047830104828
0.932126641273499
0.973855495452881
0.73965460062027
0.952134490013123
0.901780843734741
0.936268091201782
0.984047830104828
0.988590657711029
0.99913477897644
0.83669102191925
0.98942631483078
0.684261381626129
0.836993098258972
0.932126641273499
0.988590657711029
0.981912732124329
0.58716893196106
0.961935341358185
0.905355453491211
0.9502934217453
0.973855495452881
0.99913477897644
0.981912732124329
0.8453449010849
0.987841308116913
0.510215044021606
0.52566659450531
0.73965460062027
0.83669102191925
0.58716893196106
0.8453449010849
0.597912192344666
0.852092742919922
0.912987053394318
0.952134490013123
0.98942631483078
0.961935341358185
0.987841308116913
0.597912192344666
0.992304801940918
0.996753394603729
0.866927623748779
0.734950363636017
0.962576925754547
0.317129105329514
0.8593989610672
0.992304801940918
0.993616878986359
0.96886020898819
0.845000982284546
0.959389448165894
0.849417805671692
0.923323392868042
0.996753394603729
0.993616878986359
0.990320324897766
0.917576670646667
0.997641086578369
0.880747318267822
0.962917029857636
0.866927623748779
0.96886020898819
0.990320324897766
0.985899865627289
0.999045014381409
0.988659381866455
0.996819019317627
0.734950363636017
0.845000982284546
0.917576670646667
0.985899865627289
0.982687473297119
0.868252694606781
0.972436249256134
0.962576925754547
0.959389448165894
0.997641086578369
0.999045014381409
0.982687473297119
0.964542984962463
0.996336936950684
0.317129105329514
0.849417805671692
0.880747318267822
0.988659381866455
0.868252694606781
0.964542984962463
0.942109525203705
0.8593989610672
0.923323392868042
0.962917029857636
0.996819019317627
0.972436249256134
0.996336936950684
0.942109525203705
0.998506128787994
0.957461953163147
0.858933508396149
0.454021632671356
0.85478949546814
0.257005989551544
0.796419858932495
0.998506128787994
0.994105815887451
0.965016782283783
0.80974668264389
0.962277412414551
0.715828597545624
0.918809711933136
0.957461953163147
0.994105815887451
0.998448133468628
0.941731989383698
0.99846088886261
0.954878211021423
0.985229074954987
0.858933508396149
0.965016782283783
0.998448133468628
0.991175889968872
0.999646961688995
0.97593092918396
0.99420690536499
0.454021632671356
0.80974668264389
0.941731989383698
0.991175889968872
0.978991448879242
0.907545626163483
0.963178098201752
0.85478949546814
0.962277412414551
0.99846088886261
0.999646961688995
0.978991448879242
0.986360788345337
0.991987645626068
0.257005989551544
0.715828597545624
0.954878211021423
0.97593092918396
0.907545626163483
0.986360788345337
0.937686264514923
0.796419858932495
0.918809711933136
0.985229074954987
0.99420690536499
0.963178098201752
0.991987645626068
0.937686264514923
0.996771812438965
0.976936101913452
0.869508028030396
0.447573959827423
0.919907689094543
0.81301486492157
0.868820190429688
0.996771812438965
0.986828446388245
0.827824115753174
0.470451712608337
0.923944771289825
0.943696737289429
0.918211042881012
0.976936101913452
0.986828446388245
0.997812509536743
0.949681878089905
0.999412775039673
0.996397852897644
0.995702862739563
0.869508028030396
0.827824115753174
0.997812509536743
0.994890868663788
0.999548554420471
0.995696067810059
0.99744725227356
0.447573959827423
0.470451712608337
0.949681878089905
0.994890868663788
0.977764010429382
0.943084895610809
0.970496594905853
0.919907689094543
0.923944771289825
0.999412775039673
0.999548554420471
0.977764010429382
0.997178256511688
0.997049748897552
0.81301486492157
0.943696737289429
0.996397852897644
0.995696067810059
0.943084895610809
0.997178256511688
0.996093571186066
0.868820190429688
0.918211042881012
0.995702862739563
0.99744725227356
0.970496594905853
0.997049748897552
0.996093571186066
0.998704850673676
0.968811988830566
0.898380756378174
0.592072367668152
0.935318827629089
0.738087058067322
0.874174952507019
0.998704850673676
0.993416905403137
0.935072243213654
0.686848819255829
0.968852579593658
0.780578792095184
0.943017780780792
0.968811988830566
0.993416905403137
0.983708202838898
0.909566104412079
0.997093617916107
0.936124384403229
0.984862923622131
0.898380756378174
0.935072243213654
0.983708202838898
0.991844475269318
0.99842768907547
0.932349860668182
0.988628089427948
0.592072367668152
0.686848819255829
0.909566104412079
0.991844475269318
0.964133679866791
0.841537892818451
0.942761421203613
0.935318827629089
0.968852579593658
0.997093617916107
0.99842768907547
0.964133679866791
0.950668215751648
0.991034686565399
0.738087058067322
0.780578792095184
0.936124384403229
0.932349860668182
0.841537892818451
0.950668215751648
0.908126592636108
0.874174952507019
0.943017780780792
0.984862923622131
0.988628089427948
0.942761421203613
0.991034686565399
0.908126592636108
0.998335719108582
0.991802036762238
0.969760477542877
0.94248640537262
0.986422538757324
0.741720259189606
0.976930975914001
0.998335719108582
0.991725325584412
0.988151073455811
0.945073544979095
0.994836449623108
0.911870121955872
0.97460263967514
0.991802036762238
0.991725325584412
0.993256330490112
0.986744523048401
0.997497320175171
0.81275200843811
0.99066573381424
0.969760477542877
0.988151073455811
0.993256330490112
0.996853649616241
0.99711936712265
0.913353621959686
0.992711544036865
0.94248640537262
0.945073544979095
0.986744523048401
0.996853649616241
0.990642070770264
0.71818220615387
0.989287495613098
0.986422538757324
0.994836449623108
0.997497320175171
0.99711936712265
0.990642070770264
0.912024855613709
0.989808976650238
0.741720259189606
0.911870121955872
0.81275200843811
0.913353621959686
0.71818220615387
0.912024855613709
0.836082935333252
0.976930975914001
0.97460263967514
0.99066573381424
0.992711544036865
0.989287495613098
0.989808976650238
0.836082935333252
0.999593913555145
0.995088934898376
0.945142030715942
0.709905385971069
0.978606462478638
0.396718889474869
0.967345058917999
0.999593913555145
0.999348521232605
0.98256129026413
0.88702130317688
0.996551156044006
0.266770839691162
0.989897906780243
0.995088934898376
0.999348521232605
0.997349560260773
0.961741983890533
0.999749422073364
0.515984237194061
0.998716056346893
0.945142030715942
0.98256129026413
0.997349560260773
0.995999336242676
0.999599397182465
0.495061457157135
0.995952129364014
0.709905385971069
0.88702130317688
0.961741983890533
0.995999336242676
0.987802863121033
0.322056740522385
0.976957976818085
0.978606462478638
0.996551156044006
0.999749422073364
0.999599397182465
0.987802863121033
0.723644733428955
0.999417245388031
0.396718889474869
0.266770839691162
0.515984237194061
0.495061457157135
0.322056740522385
0.723644733428955
0.747645735740662
0.967345058917999
0.989897906780243
0.998716056346893
0.995952129364014
0.976957976818085
0.999417245388031
0.747645735740662
0.999531328678131
0.979806184768677
0.891576051712036
0.821004331111908
0.921471297740936
0.120103798806667
0.884937047958374
0.999531328678131
0.995469987392426
0.961272776126862
0.902145445346832
0.981988072395325
0.243614509701729
0.94733065366745
0.979806184768677
0.995469987392426
0.993396461009979
0.954689979553223
0.997813940048218
0.902867794036865
0.980122447013855
0.891576051712036
0.961272776126862
0.993396461009979
0.998390197753906
0.999733328819275
0.911940932273865
0.997051000595093
0.821004331111908
0.902145445346832
0.954689979553223
0.998390197753906
0.992898225784302
0.782733023166656
0.975702464580536
0.921471297740936
0.981988072395325
0.997813940048218
0.999733328819275
0.992898225784302
0.919688880443573
0.997785866260529
0.120103798806667
0.243614509701729
0.902867794036865
0.911940932273865
0.782733023166656
0.919688880443573
0.88639771938324
0.884937047958374
0.94733065366745
0.980122447013855
0.997051000595093
0.975702464580536
0.997785866260529
0.88639771938324
0.998534798622131
0.970769941806793
0.896647810935974
0.372919291257858
0.943575322628021
0.457990378141403
0.850511789321899
0.998534798622131
0.980473577976227
0.911049246788025
0.526243329048157
0.969005286693573
0.565667331218719
0.908595025539398
0.970769941806793
0.980473577976227
0.993829548358917
0.860590696334839
0.997501969337463
0.703767538070679
0.974108040332794
0.896647810935974
0.911049246788025
0.993829548358917
0.972354829311371
0.999033570289612
0.948711931705475
0.992163002490997
0.372919291257858
0.526243329048157
0.860590696334839
0.972354829311371
0.926089346408844
0.768160462379456
0.873680889606476
0.943575322628021
0.969005286693573
0.997501969337463
0.999033570289612
0.926089346408844
0.90599262714386
0.994521975517273
0.457990378141403
0.565667331218719
0.703767538070679
0.948711931705475
0.768160462379456
0.90599262714386
0.868892431259155
0.850511789321899
0.908595025539398
0.974108040332794
0.992163002490997
0.873680889606476
0.994521975517273
0.868892431259155
