0.991389214992523
0.932349324226379
0.825101554393768
0.478099018335342
0.7825026512146
0.534029543399811
0.76857978105545
0.991389214992523
0.986883163452148
0.937273144721985
0.848443627357483
0.937892198562622
0.728987336158752
0.916232228279114
0.932349324226379
0.986883163452148
0.994460225105286
0.957675755023956
0.992560982704163
0.88148295879364
0.97854608297348
0.825101554393768
0.937273144721985
0.994460225105286
0.992419600486755
0.997590720653534
0.86665141582489
0.972279906272888
0.478099018335342
0.848443627357483
0.957675755023956
0.992419600486755
0.974174201488495
0.710559964179993
0.935525894165039
0.7825026512146
0.937892198562622
0.992560982704163
0.997590720653534
0.974174201488495
0.940200388431549
0.992887496948242
0.534029543399811
0.728987336158752
0.88148295879364
0.86665141582489
0.710559964179993
0.940200388431549
0.91524749994278
0.76857978105545
0.916232228279114
0.97854608297348
0.972279906272888
0.935525894165039
0.992887496948242
0.91524749994278
0.99653697013855
0.951059937477112
0.901757776737213
0.6712766289711
0.900285422801971
0.298489183187485
0.663800537586212
0.99653697013855
0.983131587505341
0.911552667617798
0.855010449886322
0.941639542579651
0.407298237085342
0.823412120342255
0.951059937477112
0.983131587505341
0.933950781822205
0.803641974925995
0.956950545310974
0.92246001958847
0.952307105064392
0.901757776737213
0.911552667617798
0.933950781822205
0.993421614170074
0.995417535305023
0.865324854850769
0.936709225177765
0.6712766289711
0.855010449886322
0.803641974925995
0.993421614170074
0.973728716373444
0.682551026344299
0.848931312561035
0.900285422801971
0.941639542579651
0.956950545310974
0.995417535305023
0.973728716373444
0.851766586303711
0.926996052265167
0.298489183187485
0.407298237085342
0.92246001958847
0.865324854850769
0.682551026344299
0.851766586303711
0.936056613922119
0.663800537586212
0.823412120342255
0.952307105064392
0.936709225177765
0.848931312561035
0.926996052265167
0.936056613922119
0.998828232288361
0.994765937328339
0.820851624011993
0.616945147514343
0.945953667163849
0.187692135572433
0.873275578022003
0.998828232288361
0.99874609708786
0.917979955673218
0.777449190616608
0.975757658481598
0.227336764335632
0.921930015087128
0.994765937328339
0.99874609708786
0.959085047245026
0.892290592193604
0.990347683429718
0.364233881235123
0.950413405895233
0.820851624011993
0.917979955673218
0.959085047245026
0.996545732021332
0.994049906730652
0.732711911201477
0.991548418998718
0.616945147514343
0.777449190616608
0.892290592193604
0.996545732021332
0.959845125675201
0.556458652019501
0.981365859508514
0.945953667163849
0.975757658481598
0.990347683429718
0.994049906730652
0.959845125675201
0.883803248405457
0.989096403121948
0.187692135572433
0.227336764335632
0.364233881235123
0.732711911201477
0.556458652019501
0.883803248405457
0.664138793945313
0.873275578022003
0.921930015087128
0.950413405895233
0.991548418998718
0.981365859508514
0.989096403121948
0.664138793945313
0.988107860088348
0.912244439125061
0.739736318588257
0.335856318473816
0.885323345661163
0.336604416370392
0.682860732078552
0.988107860088348
0.978285789489746
0.848610877990723
0.421217143535614
0.970377385616302
0.388412177562714
0.813501060009003
0.912244439125061
0.978285789489746
0.990614712238312
0.839901685714722
0.998680293560028
0.841497600078583
0.983461081981659
0.739736318588257
0.848610877990723
0.990614712238312
0.955400228500366
0.990745067596436
0.749350190162659
0.969405770301819
0.335856318473816
0.421217143535614
0.839901685714722
0.955400228500366
0.881860017776489
0.289796710014343
0.820039808750153
0.885323345661163
0.970377385616302
0.998680293560028
0.990745067596436
0.881860017776489
0.885057032108307
0.99037504196167
0.336604416370392
0.388412177562714
0.841497600078583
0.749350190162659
0.289796710014343
0.885057032108307
0.893160939216614
0.682860732078552
0.813501060009003
0.983461081981659
0.969405770301819
0.820039808750153
0.99037504196167
0.893160939216614
0.993574857711792
0.956062018871307
0.868211686611176
0.721241235733032
0.913813471794128
0.787924587726593
0.932093858718872
0.993574857711792
0.988693177700043
0.930019021034241
0.873162448406219
0.971409201622009
0.742678999900818
0.946552991867065
0.956062018871307
0.988693177700043
0.995367407798767
0.987142443656921
0.998273015022278
0.84361743927002
0.985682904720306
0.868211686611176
0.930019021034241
0.995367407798767
0.995124459266663
0.998037934303284
0.818006932735443
0.985669434070587
0.721241235733032
0.873162448406219
0.987142443656921
0.995124459266663
0.994055390357971
0.582829654216766
0.972438812255859
0.913813471794128
0.971409201622009
0.998273015022278
0.998037934303284
0.994055390357971
0.872409105300903
0.992952346801758
0.787924587726593
0.742678999900818
0.84361743927002
0.818006932735443
0.582829654216766
0.872409105300903
0.862267851829529
0.932093858718872
0.946552991867065
0.985682904720306
0.985669434070587
0.972438812255859
0.992952346801758
0.862267851829529
0.998877644538879
0.976885378360748
0.848157525062561
0.668088734149933
0.921255350112915
0.80981981754303
0.883488953113556
0.998877644538879
0.995050489902496
0.91690057516098
0.851645112037659
0.963412046432495
0.776185274124146
0.911747097969055
0.976885378360748
0.995050489902496
0.98674613237381
0.943891406059265
0.997405230998993
0.954791486263275
0.983471095561981
0.848157525062561
0.91690057516098
0.98674613237381
0.996722817420959
0.99923038482666
0.985321342945099
0.995391190052032
0.668088734149933
0.851645112037659
0.943891406059265
0.996722817420959
0.9899080991745
0.918274402618408
0.969672918319702
0.921255350112915
0.963412046432495
0.997405230998993
0.99923038482666
0.9899080991745
0.990001082420349
0.997068762779236
0.80981981754303
0.776185274124146
0.954791486263275
0.985321342945099
0.918274402618408
0.990001082420349
0.984242856502533
0.883488953113556
0.911747097969055
0.983471095561981
0.995391190052032
0.969672918319702
0.997068762779236
0.984242856502533
0.998491048812866
0.971038818359375
0.901700019836426
0.798796951770782
0.954276025295258
0.551364660263062
0.888415098190308
0.998491048812866
0.996428847312927
0.942911863327026
0.818859100341797
0.977267980575562
0.514431953430176
0.936509788036346
0.971038818359375
0.996428847312927
0.997376680374146
0.963761389255524
0.999242126941681
0.839250147342682
0.988276720046997
0.901700019836426
0.942911863327026
0.997376680374146
0.997998654842377
0.999545633792877
0.90245908498764
0.992191851139069
0.798796951770782
0.818859100341797
0.963761389255524
0.997998654842377
0.990154325962067
0.764451205730438
0.962673306465149
0.954276025295258
0.977267980575562
0.999242126941681
0.999545633792877
0.990154325962067
0.908990919589996
0.995907664299011
0.551364660263062
0.514431953430176
0.839250147342682
0.90245908498764
0.764451205730438
0.908990919589996
0.803605973720551
0.888415098190308
0.936509788036346
0.988276720046997
0.992191851139069
0.962673306465149
0.995907664299011
0.803605973720551
0.998643338680267
0.990638434886932
0.839403688907623
0.797772347927094
0.950927972793579
0.823875546455383
0.828252851963043
0.998643338680267
0.988200604915619
0.827133178710938
0.788420081138611
0.957527339458466
0.908417582511902
0.885587692260742
0.990638434886932
0.988200604915619
0.935268640518188
0.896336317062378
0.989796042442322
0.92781126499176
0.926056087017059
0.839403688907623
0.827133178710938
0.935268640518188
0.996160507202148
0.985115945339203
0.917616426944733
0.912338614463806
0.797772347927094
0.788420081138611
0.896336317062378
0.996160507202148
0.96432888507843
0.84963071346283
0.868784964084625
0.950927972793579
0.957527339458466
0.989796042442322
0.985115945339203
0.96432888507843
0.956079304218292
0.961302876472473
0.823875546455383
0.908417582511902
0.92781126499176
0.917616426944733
0.84963071346283
0.956079304218292
0.976870000362396
0.828252851963043
0.885587692260742
0.926056087017059
0.912338614463806
0.868784964084625
0.961302876472473
0.976870000362396
0.995831072330475
0.98312383890152
0.923399090766907
0.772199869155884
0.935444831848145
0.810394108295441
0.889567315578461
0.995831072330475
0.984381437301636
0.917182207107544
0.811784088611603
0.927880525588989
0.603187203407288
0.861469864845276
0.98312383890152
0.984381437301636
0.989496529102325
0.932431578636169
0.993306636810303
0.939597129821777
0.965318739414215
0.923399090766907
0.917182207107544
0.989496529102325
0.990907371044159
0.998046219348907
0.939495027065277
0.960676729679108
0.772199869155884
0.811784088611603
0.932431578636169
0.990907371044159
0.985444247722626
0.769294202327728
0.874813079833984
0.935444831848145
0.927880525588989
0.993306636810303
0.998046219348907
0.985444247722626
0.964979588985443
0.969527244567871
0.810394108295441
0.603187203407288
0.939597129821777
0.939495027065277
0.769294202327728
0.964979588985443
0.953312814235687
0.889567315578461
0.861469864845276
0.965318739414215
0.960676729679108
0.874813079833984
0.969527244567871
0.953312814235687
0.99670022726059
0.963998079299927
0.894899070262909
0.609834551811218
0.883351027965546
0.5519700050354
0.83024799823761
0.99670022726059
0.991302609443665
0.956350028514862
0.872176826000214
0.954553782939911
0.737199604511261
0.938343703746796
0.963998079299927
0.991302609443665
0.996471583843231
0.952543437480927
0.99134087562561
0.877893447875977
0.972596704959869
0.894899070262909
0.956350028514862
0.996471583843231
0.987546145915985
0.995601415634155
0.943613827228546
0.976546406745911
0.609834551811218
0.872176826000214
0.952543437480927
0.987546145915985
0.990496337413788
0.857755064964294
0.930982708930969
0.883351027965546
0.954553782939911
0.99134087562561
0.995601415634155
0.990496337413788
0.970990359783173
0.981715261936188
0.5519700050354
0.737199604511261
0.877893447875977
0.943613827228546
0.857755064964294
0.970990359783173
0.893247187137604
0.83024799823761
0.938343703746796
0.972596704959869
0.976546406745911
0.930982708930969
0.981715261936188
0.893247187137604
0.998781859874725
0.996128439903259
0.950788736343384
0.909611165523529
0.979987442493439
0.87009984254837
0.94772344827652
0.998781859874725
0.998775064945221
0.938191056251526
0.884027004241943
0.978303670883179
0.888020694255829
0.937679767608643
0.996128439903259
0.998775064945221
0.967245101928711
0.949947714805603
0.98630565404892
0.885099112987518
0.955204725265503
0.950788736343384
0.938191056251526
0.967245101928711
0.995200395584106
0.998496770858765
0.950648069381714
0.989043772220612
0.909611165523529
0.884027004241943
0.949947714805603
0.995200395584106
0.988212466239929
0.916851758956909
0.96342945098877
0.979987442493439
0.978303670883179
0.98630565404892
0.998496770858765
0.988212466239929
0.978328108787537
0.992166817188263
0.87009984254837
0.888020694255829
0.885099112987518
0.950648069381714
0.916851758956909
0.978328108787537
0.93370532989502
0.94772344827652
0.937679767608643
0.955204725265503
0.989043772220612
0.96342945098877
0.992166817188263
0.93370532989502
0.99918669462204
0.992484033107758
0.940829038619995
0.824942946434021
0.956637620925903
0.749976336956024
0.765705347061157
0.99918669462204
0.997269511222839
0.95970630645752
0.891437351703644
0.968037843704224
0.859564125537872
0.876115262508392
0.992484033107758
0.997269511222839
0.997477531433105
0.977611124515533
0.997941672801971
0.967305362224579
0.967975318431854
0.940829038619995
0.95970630645752
0.997477531433105
0.996722817420959
0.999689877033234
0.971578061580658
0.975125074386597
0.824942946434021
0.891437351703644
0.977611124515533
0.996722817420959
0.995711803436279
0.918749749660492
0.957631707191467
0.956637620925903
0.968037843704224
0.997941672801971
0.999689877033234
0.995711803436279
0.958518922328949
0.974184632301331
0.749976336956024
0.859564125537872
0.967305362224579
0.971578061580658
0.918749749660492
0.958518922328949
0.987766683101654
0.765705347061157
0.876115262508392
0.967975318431854
0.975125074386597
0.957631707191467
0.974184632301331
0.987766683101654
0.998447120189667
0.977668881416321
0.839129686355591
0.63934201002121
0.913695991039276
0.472509205341339
0.886816203594208
0.998447120189667
0.992420077323914
0.923612952232361
0.721427500247955
0.938775777816772
0.590600967407227
0.901351630687714
0.977668881416321
0.992420077323914
0.988585829734802
0.89516007900238
0.988275349140167
0.774545192718506
0.960628092288971
0.839129686355591
0.923612952232361
0.988585829734802
0.990410804748535
0.999491631984711
0.835160553455353
0.978551089763641
0.63934201002121
0.721427500247955
0.89516007900238
0.990410804748535
0.983256459236145
0.5800421833992
0.91960346698761
0.913695991039276
0.938775777816772
0.988275349140167
0.999491631984711
0.983256459236145
0.868182837963104
0.984869301319122
0.472509205341339
0.590600967407227
0.774545192718506
0.835160553455353
0.5800421833992
0.868182837963104
0.821299433708191
0.886816203594208
0.901351630687714
0.960628092288971
0.978551089763641
0.91960346698761
0.984869301319122
0.821299433708191
0.998897194862366
0.971457481384277
0.721040308475494
0.385793089866638
0.916474878787994
0.707780718803406
0.781778812408447
0.998897194862366
0.986874997615814
0.77858692407608
0.374521046876907
0.950697481632233
0.796516239643097
0.884687304496765
0.971457481384277
0.986874997615814
0.975880086421967
0.73183262348175
0.990321159362793
0.947591006755829
0.968280792236328
0.721040308475494
0.77858692407608
0.975880086421967
0.965626835823059
0.974674642086029
0.890485286712646
0.959813058376312
0.385793089866638
0.374521046876907
0.73183262348175
0.965626835823059
0.841243743896484
0.859752118587494
0.768111288547516
0.916474878787994
0.950697481632233
0.990321159362793
0.974674642086029
0.841243743896484
0.990227997303009
0.991688311100006
0.707780718803406
0.796516239643097
0.947591006755829
0.890485286712646
0.859752118587494
0.990227997303009
0.940551578998566
0.781778812408447
0.884687304496765
0.968280792236328
0.959813058376312
0.768111288547516
0.991688311100006
0.940551578998566
0.998915374279022
0.976078391075134
0.872896492481232
0.601275861263275
0.916849732398987
0.637510895729065
0.802580416202545
0.998915374279022
0.995264887809753
0.949909389019012
0.66148978471756
0.968336641788483
0.797575414180756
0.907917320728302
0.976078391075134
0.995264887809753
0.994913339614868
0.919448614120483
0.99792492389679
0.931393563747406
0.974246442317963
0.872896492481232
0.949909389019012
0.994913339614868
0.995074570178986
0.999623715877533
0.944409906864166
0.990357995033264
0.601275861263275
0.66148978471756
0.919448614120483
0.995074570178986
0.985121190547943
0.777125597000122
0.967216610908508
0.916849732398987
0.968336641788483
0.99792492389679
0.999623715877533
0.985121190547943
0.965686619281769
0.994953393936157
0.637510895729065
0.797575414180756
0.931393563747406
0.944409906864166
0.777125597000122
0.965686619281769
0.857246398925781
0.802580416202545
0.907917320728302
0.974246442317963
0.990357995033264
0.967216610908508
0.994953393936157
0.857246398925781
0.995891332626343
0.975134253501892
0.835740208625793
0.509276568889618
0.71032178401947
0.179424092173576
0.803621649742126
0.995891332626343
0.984824001789093
0.868137061595917
0.627516686916351
0.797278106212616
0.33043110370636
0.809656858444214
0.975134253501892
0.984824001789093
0.966790854930878
0.828341603279114
0.911579251289368
0.548155963420868
0.903298258781433
0.835740208625793
0.868137061595917
0.966790854930878
0.949199140071869
0.980501890182495
0.873673796653748
0.963179051876068
0.509276568889618
0.627516686916351
0.828341603279114
0.949199140071869
0.981642186641693
0.664717793464661
0.880142569541931
0.71032178401947
0.797278106212616
0.911579251289368
0.980501890182495
0.981642186641693
0.907344520092011
0.97241884469986
0.179424092173576
0.33043110370636
0.548155963420868
0.873673796653748
0.664717793464661
0.907344520092011
0.866710603237152
0.803621649742126
0.809656858444214
0.903298258781433
0.963179051876068
0.880142569541931
0.97241884469986
0.866710603237152
0.99534285068512
0.986747026443481
0.923394680023193
0.809234619140625
0.921185493469238
0.490471839904785
0.875317871570587
0.99534285068512
0.992585003376007
0.953979969024658
0.906756401062012
0.956571161746979
0.66391783952713
0.922940790653229
0.986747026443481
0.992585003376007
0.970331728458405
0.918564260005951
0.9811772108078
0.680937886238098
0.947402715682983
0.923394680023193
0.953979969024658
0.970331728458405
0.996893882751465
0.997423589229584
0.868292927742004
0.988734841346741
0.809234619140625
0.906756401062012
0.918564260005951
0.996893882751465
0.995099723339081
0.667774140834808
0.975142359733582
0.921185493469238
0.956571161746979
0.9811772108078
0.997423589229584
0.995099723339081
0.870819449424744
0.988316714763641
0.490471839904785
0.66391783952713
0.680937886238098
0.868292927742004
0.667774140834808
0.870819449424744
0.798332810401917
0.875317871570587
0.922940790653229
0.947402715682983
0.988734841346741
0.975142359733582
0.988316714763641
0.798332810401917
0.999296486377716
0.969696402549744
0.8194380402565
0.276159256696701
0.940098643302917
0.610226929187775
0.907721936702728
0.999296486377716
0.990613341331482
0.946098566055298
0.735985398292542
0.978737354278564
0.758705019950867
0.958739578723907
0.969696402549744
0.990613341331482
0.995015799999237
0.943423986434937
0.998131155967712
0.955651760101318
0.990905463695526
0.8194380402565
0.946098566055298
0.995015799999237
0.990636825561523
0.997344076633453
0.930122673511505
0.993796944618225
0.276159256696701
0.735985398292542
0.943423986434937
0.990636825561523
0.968905627727509
0.866467416286469
0.964855551719666
0.940098643302917
0.978737354278564
0.998131155967712
0.997344076633453
0.968905627727509
0.965764403343201
0.997550785541534
0.610226929187775
0.758705019950867
0.955651760101318
0.930122673511505
0.866467416286469
0.965764403343201
0.941025257110596
0.907721936702728
0.958739578723907
0.990905463695526
0.993796944618225
0.964855551719666
0.997550785541534
0.941025257110596
0.998425781726837
0.980580925941467
0.906260371208191
0.797775447368622
0.96318793296814
0.366948246955872
0.876388072967529
0.998425781726837
0.996544778347015
0.953405916690826
0.863364100456238
0.986002862453461
0.781538367271423
0.931246221065521
0.980580925941467
0.996544778347015
0.993915796279907
0.950595378875732
0.998699963092804
0.917508602142334
0.985934734344482
0.906260371208191
0.953405916690826
0.993915796279907
0.996089279651642
0.997919082641602
0.929785192012787
0.981316745281219
0.797775447368622
0.863364100456238
0.950595378875732
0.996089279651642
0.982662975788116
0.692431747913361
0.948047578334808
0.96318793296814
0.986002862453461
0.998699963092804
0.997919082641602
0.982662975788116
0.93589049577713
0.988350212574005
0.366948246955872
0.781538367271423
0.917508602142334
0.929785192012787
0.692431747913361
0.93589049577713
0.931505858898163
0.876388072967529
0.931246221065521
0.985934734344482
0.981316745281219
0.948047578334808
0.988350212574005
0.931505858898163
0.995636463165283
0.9189133644104
0.829833745956421
0.589467644691467
0.797350883483887
0.540324330329895
0.862529814243317
0.995636463165283
0.976156413555145
0.917607367038727
0.79679000377655
0.922675907611847
0.609093308448792
0.884843945503235
0.9189133644104
0.976156413555145
0.987490057945251
0.929418325424194
0.9867342710495
0.766523778438568
0.973683476448059
0.829833745956421
0.917607367038727
0.987490057945251
0.995363414287567
0.999258100986481
0.835537731647491
0.990121066570282
0.589467644691467
0.79679000377655
0.929418325424194
0.995363414287567
0.99181079864502
0.536622285842896
0.956530749797821
0.797350883483887
0.922675907611847
0.9867342710495
0.999258100986481
0.99181079864502
0.770920932292938
0.98991060256958
0.540324330329895
0.609093308448792
0.766523778438568
0.835537731647491
0.536622285842896
0.770920932292938
0.847827076911926
0.862529814243317
0.884843945503235
0.973683476448059
0.990121066570282
0.956530749797821
0.98991060256958
0.847827076911926
0.969195485115051
0.942258059978485
0.783624887466431
0.763059377670288
0.803330659866333
0.533665716648102
0.791185677051544
0.969195485115051
0.992959678173065
0.972035229206085
0.906211674213409
0.960653066635132
0.574222922325134
0.940923750400543
0.942258059978485
0.992959678173065
0.991697728633881
0.962421238422394
0.985070645809174
0.694695472717285
0.972318410873413
0.783624887466431
0.972035229206085
0.991697728633881
0.993384718894959
0.993181705474854
0.757266521453857
0.977789759635925
0.763059377670288
0.906211674213409
0.962421238422394
0.993384718894959
0.974815607070923
0.754295468330383
0.961256980895996
0.803330659866333
0.960653066635132
0.985070645809174
0.993181705474854
0.974815607070923
0.820639550685883
0.984776318073273
0.533665716648102
0.574222922325134
0.694695472717285
0.757266521453857
0.754295468330383
0.820639550685883
0.748179078102112
0.791185677051544
0.940923750400543
0.972318410873413
0.977789759635925
0.961256980895996
0.984776318073273
0.748179078102112
0.992944478988647
0.953802108764648
0.811352789402008
0.669023334980011
0.877787947654724
0.543829083442688
0.82229220867157
0.992944478988647
0.994652509689331
0.894732117652893
0.728824377059937
0.935693383216858
0.572962820529938
0.842334628105164
0.953802108764648
0.994652509689331
0.98872572183609
0.934508919715881
0.99198704957962
0.867033183574677
0.958174049854279
0.811352789402008
0.894732117652893
0.98872572183609
0.997477471828461
0.999083817005157
0.928701281547546
0.990551650524139
0.669023334980011
0.728824377059937
0.934508919715881
0.997477471828461
0.994883239269257
0.808618068695068
0.956495940685272
0.877787947654724
0.935693383216858
0.99198704957962
0.999083817005157
0.994883239269257
0.904304802417755
0.981285035610199
0.543829083442688
0.572962820529938
0.867033183574677
0.928701281547546
0.808618068695068
0.904304802417755
0.976414620876312
0.82229220867157
0.842334628105164
0.958174049854279
0.990551650524139
0.956495940685272
0.981285035610199
0.976414620876312
0.99490886926651
0.989197731018066
0.962242364883423
0.6689532995224
0.976411819458008
0.905005633831024
0.945466697216034
0.99490886926651
0.998251378536224
0.991179466247559
0.546017706394196
0.99491161108017
0.954761624336243
0.97847044467926
0.989197731018066
0.998251378536224
0.995568990707397
0.583784162998199
0.998248159885406
0.967246234416962
0.990937769412994
0.962242364883423
0.991179466247559
0.995568990707397
0.71868497133255
0.998296320438385
0.960135877132416
0.995729684829712
0.6689532995224
0.546017706394196
0.583784162998199
0.71868497133255
0.531939744949341
0.28778862953186
0.664984047412872
0.976411819458008
0.99491161108017
0.998248159885406
0.998296320438385
0.531939744949341
0.984983563423157
0.996252000331879
0.905005633831024
0.954761624336243
0.967246234416962
0.960135877132416
0.28778862953186
0.984983563423157
0.971741616725922
0.945466697216034
0.97847044467926
0.990937769412994
0.995729684829712
0.664984047412872
0.996252000331879
0.971741616725922
0.995613873004913
0.97171026468277
0.935465812683105
0.77660208940506
0.91954243183136
0.452207744121552
0.891859769821167
0.995613873004913
0.994639992713928
0.961548626422882
0.811948418617249
0.957721948623657
0.651751399040222
0.921397984027863
0.97171026468277
0.994639992713928
0.995261073112488
0.961191415786743
0.994511604309082
0.853932321071625
0.979613959789276
0.935465812683105
0.961548626422882
0.995261073112488
0.989937782287598
0.997290432453156
0.831685125827789
0.986532092094421
0.77660208940506
0.811948418617249
0.961191415786743
0.989937782287598
0.987783551216125
0.665469288825989
0.964545607566834
0.91954243183136
0.957721948623657
0.994511604309082
0.997290432453156
0.987783551216125
0.888790905475616
0.995771169662476
0.452207744121552
0.651751399040222
0.853932321071625
0.831685125827789
0.665469288825989
0.888790905475616
0.870427131652832
0.891859769821167
0.921397984027863
0.979613959789276
0.986532092094421
0.964545607566834
0.995771169662476
0.870427131652832
0.99933522939682
0.988596737384796
0.927425563335419
0.740627467632294
0.969031870365143
0.920279383659363
0.952724397182465
0.99933522939682
0.997006595134735
0.932738840579987
0.804190397262573
0.985165476799011
0.94974547624588
0.971771955490112
0.988596737384796
0.997006595134735
0.990126311779022
0.926305532455444
0.997521877288818
0.983992218971252
0.992555201053619
0.927425563335419
0.932738840579987
0.990126311779022
0.995833814144135
0.998827993869781
0.994107902050018
0.996018290519714
0.740627467632294
0.804190397262573
0.926305532455444
0.995833814144135
0.980472207069397
0.959583461284637
0.972762167453766
0.969031870365143
0.985165476799011
0.997521877288818
0.998827993869781
0.980472207069397
0.997279465198517
0.99791008234024
0.920279383659363
0.94974547624588
0.983992218971252
0.994107902050018
0.959583461284637
0.997279465198517
0.991448104381561
0.952724397182465
0.971771955490112
0.992555201053619
0.996018290519714
0.972762167453766
0.99791008234024
0.991448104381561
