0.999687194824219
0.995292782783508
0.916595578193665
0.769875526428223
0.975542783737183
0.864051640033722
0.939274847507477
0.999687194824219
0.993228495121002
0.873791337013245
0.716989815235138
0.96118026971817
0.889857470989227
0.917079150676727
0.995292782783508
0.993228495121002
0.995580911636353
0.924354314804077
0.999660432338715
0.980974614620209
0.993957877159119
0.916595578193665
0.873791337013245
0.995580911636353
0.993990421295166
0.999387860298157
0.983963549137115
0.994274914264679
0.769875526428223
0.716989815235138
0.924354314804077
0.993990421295166
0.962674379348755
0.909332275390625
0.979985594749451
0.975542783737183
0.96118026971817
0.999660432338715
0.999387860298157
0.962674379348755
0.983716905117035
0.996403098106384
0.864051640033722
0.889857470989227
0.980974614620209
0.983963549137115
0.909332275390625
0.983716905117035
0.969684362411499
0.939274847507477
0.917079150676727
0.993957877159119
0.994274914264679
0.979985594749451
0.996403098106384
0.969684362411499
0.999810874462128
0.997346878051758
0.965967655181885
0.889046192169189
0.975217163562775
0.880343794822693
0.92523980140686
0.999810874462128
0.999463200569153
0.979515254497528
0.925983846187592
0.986805081367493
0.877820491790771
0.908592045307159
0.997346878051758
0.999463200569153
0.994222223758698
0.960207462310791
0.992774486541748
0.940323293209076
0.945017337799072
0.965967655181885
0.979515254497528
0.994222223758698
0.998277842998505
0.999772489070892
0.983735263347626
0.991896271705627
0.889046192169189
0.925983846187592
0.960207462310791
0.998277842998505
0.996010005474091
0.932130098342896
0.972288906574249
0.975217163562775
0.986805081367493
0.992774486541748
0.999772489070892
0.996010005474091
0.986832082271576
0.99316793680191
0.880343794822693
0.877820491790771
0.940323293209076
0.983735263347626
0.932130098342896
0.986832082271576
0.980685710906982
0.92523980140686
0.908592045307159
0.945017337799072
0.991896271705627
0.972288906574249
0.99316793680191
0.980685710906982
0.997977554798126
0.985755801200867
0.961916327476501
0.89814954996109
0.980088770389557
0.633266866207123
0.934068739414215
0.997977554798126
0.985927700996399
0.944170415401459
0.783235371112823
0.975427627563477
0.692774891853333
0.917483806610107
0.985755801200867
0.985927700996399
0.996013104915619
0.953940153121948
0.998167932033539
0.908491790294647
0.990011274814606
0.961916327476501
0.944170415401459
0.996013104915619
0.990139484405518
0.999170184135437
0.848733186721802
0.99072527885437
0.89814954996109
0.783235371112823
0.953940153121948
0.990139484405518
0.98188441991806
0.556956827640533
0.954030394554138
0.980088770389557
0.975427627563477
0.998167932033539
0.999170184135437
0.98188441991806
0.924277305603027
0.995204567909241
0.633266866207123
0.692774891853333
0.908491790294647
0.848733186721802
0.556956827640533
0.924277305603027
0.858559489250183
0.934068739414215
0.917483806610107
0.990011274814606
0.99072527885437
0.954030394554138
0.995204567909241
0.858559489250183
0.994930386543274
0.968850076198578
0.748057246208191
0.463090002536774
0.839691877365112
0.893797278404236
0.845284223556519
0.994930386543274
0.994178950786591
0.949910283088684
0.840225875377655
0.944573938846588
0.930881261825562
0.927244603633881
0.968850076198578
0.994178950786591
0.985463261604309
0.879323959350586
0.992643296718597
0.9911008477211
0.981762111186981
0.748057246208191
0.949910283088684
0.985463261604309
0.993577182292938
0.998390197753906
0.982230842113495
0.98882257938385
0.463090002536774
0.840225875377655
0.879323959350586
0.993577182292938
0.990246534347534
0.919352352619171
0.958467781543732
0.839691877365112
0.944573938846588
0.992643296718597
0.998390197753906
0.990246534347534
0.987439095973969
0.992860972881317
0.893797278404236
0.930881261825562
0.9911008477211
0.982230842113495
0.919352352619171
0.987439095973969
0.968471348285675
0.845284223556519
0.927244603633881
0.981762111186981
0.98882257938385
0.958467781543732
0.992860972881317
0.968471348285675
0.999386191368103
0.985292732715607
0.941878855228424
0.767093300819397
0.94269847869873
0.400932639837265
0.882676303386688
0.999386191368103
0.990590572357178
0.953097641468048
0.806933462619781
0.964666426181793
0.524673998355865
0.917560994625092
0.985292732715607
0.990590572357178
0.999241292476654
0.954660892486572
0.99883234500885
0.855996906757355
0.988199174404144
0.941878855228424
0.953097641468048
0.999241292476654
0.991482198238373
0.999280214309692
0.896130621433258
0.995150983333588
0.767093300819397
0.806933462619781
0.954660892486572
0.991482198238373
0.993207931518555
0.839459240436554
0.978127539157867
0.94269847869873
0.964666426181793
0.99883234500885
0.999280214309692
0.993207931518555
0.95347273349762
0.99718451499939
0.400932639837265
0.524673998355865
0.855996906757355
0.896130621433258
0.839459240436554
0.95347273349762
0.910035908222198
0.882676303386688
0.917560994625092
0.988199174404144
0.995150983333588
0.978127539157867
0.99718451499939
0.910035908222198
0.999366641044617
0.940616011619568
0.702550053596497
0.533360123634338
0.909236907958984
0.748055815696716
0.814592838287354
0.999366641044617
0.990414083003998
0.874769032001495
0.684107959270477
0.971390068531036
0.907061100006104
0.922437250614166
0.940616011619568
0.990414083003998
0.994915068149567
0.854193866252899
0.999590277671814
0.983420014381409
0.988568127155304
0.702550053596497
0.874769032001495
0.994915068149567
0.975208163261414
0.998837172985077
0.969343185424805
0.984021961688995
0.533360123634338
0.684107959270477
0.854193866252899
0.975208163261414
0.914272129535675
0.496117949485779
0.682684361934662
0.909236907958984
0.971390068531036
0.999590277671814
0.998837172985077
0.914272129535675
0.984280109405518
0.992123126983643
0.748055815696716
0.907061100006104
0.983420014381409
0.969343185424805
0.496117949485779
0.984280109405518
0.990533232688904
0.814592838287354
0.922437250614166
0.988568127155304
0.984021961688995
0.682684361934662
0.992123126983643
0.990533232688904
0.999113738536835
0.976934969425201
0.97283148765564
0.889110386371613
0.949245929718018
0.72325187921524
0.944161653518677
0.999113738536835
0.995425999164581
0.989633560180664
0.937662065029144
0.97586315870285
0.88057541847229
0.968827903270721
0.976934969425201
0.995425999164581
0.998405992984772
0.989993810653687
0.997564196586609
0.974984586238861
0.990399181842804
0.97283148765564
0.989633560180664
0.998405992984772
0.996417701244354
0.998524010181427
0.925122022628784
0.989879488945007
0.889110386371613
0.937662065029144
0.989993810653687
0.996417701244354
0.997187972068787
0.916344225406647
0.97760796546936
0.949245929718018
0.97586315870285
0.997564196586609
0.998524010181427
0.997187972068787
0.92436558008194
0.984720885753632
0.72325187921524
0.88057541847229
0.974984586238861
0.925122022628784
0.916344225406647
0.92436558008194
0.901229381561279
0.944161653518677
0.968827903270721
0.990399181842804
0.989879488945007
0.97760796546936
0.984720885753632
0.901229381561279
0.999426543712616
0.992049038410187
0.91870105266571
0.796429693698883
0.960342586040497
0.813419699668884
0.925321936607361
0.999426543712616
0.998657047748566
0.96262401342392
0.892274439334869
0.98997700214386
0.885158181190491
0.972027659416199
0.992049038410187
0.998657047748566
0.998673439025879
0.978224515914917
0.999749064445496
0.959079146385193
0.997487425804138
0.91870105266571
0.96262401342392
0.998673439025879
0.998266994953156
0.999770283699036
0.954610645771027
0.997689247131348
0.796429693698883
0.892274439334869
0.978224515914917
0.998266994953156
0.996081590652466
0.898207902908325
0.986075103282928
0.960342586040497
0.98997700214386
0.999749064445496
0.999770283699036
0.996081590652466
0.971136927604675
0.99848872423172
0.813419699668884
0.885158181190491
0.959079146385193
0.954610645771027
0.898207902908325
0.971136927604675
0.959280431270599
0.925321936607361
0.972027659416199
0.997487425804138
0.997689247131348
0.986075103282928
0.99848872423172
0.959280431270599
0.997638523578644
0.980345129966736
0.912791550159454
0.727289915084839
0.934526681900024
0.854555070400238
0.91636449098587
0.997638523578644
0.997053027153015
0.972269952297211
0.866743624210358
0.982863903045654
0.855631709098816
0.972503423690796
0.980345129966736
0.997053027153015
0.997499406337738
0.962182760238647
0.997446835041046
0.948961436748505
0.992093443870544
0.912791550159454
0.972269952297211
0.997499406337738
0.997303426265717
0.998718738555908
0.935509622097015
0.994361639022827
0.727289915084839
0.866743624210358
0.962182760238647
0.997303426265717
0.98783665895462
0.830916941165924
0.967706263065338
0.934526681900024
0.982863903045654
0.997446835041046
0.998718738555908
0.98783665895462
0.959608733654022
0.994384407997131
0.854555070400238
0.855631709098816
0.948961436748505
0.935509622097015
0.830916941165924
0.959608733654022
0.949818849563599
0.91636449098587
0.972503423690796
0.992093443870544
0.994361639022827
0.967706263065338
0.994384407997131
0.949818849563599
0.99885505437851
0.978181540966034
0.875789642333984
0.498574614524841
0.936724305152893
0.721659123897552
0.811917304992676
0.99885505437851
0.993635952472687
0.945444881916046
0.643201291561127
0.973558068275452
0.864029347896576
0.902576208114624
0.978181540966034
0.993635952472687
0.989883720874786
0.86360377073288
0.998668968677521
0.948682308197021
0.977942287921906
0.875789642333984
0.945444881916046
0.989883720874786
0.985255599021912
0.99870365858078
0.983181774616241
0.979731738567352
0.498574614524841
0.643201291561127
0.86360377073288
0.985255599021912
0.945071876049042
0.896052002906799
0.906131088733673
0.936724305152893
0.973558068275452
0.998668968677521
0.99870365858078
0.945071876049042
0.971552550792694
0.98660147190094
0.721659123897552
0.864029347896576
0.948682308197021
0.983181774616241
0.896052002906799
0.971552550792694
0.935321688652039
0.811917304992676
0.902576208114624
0.977942287921906
0.979731738567352
0.906131088733673
0.98660147190094
0.935321688652039
0.998730480670929
0.985906660556793
0.921715080738068
0.803554356098175
0.950897216796875
0.726905465126038
0.827166616916656
0.998730480670929
0.99152147769928
0.949759900569916
0.81567108631134
0.968924999237061
0.825819194316864
0.818023204803467
0.985906660556793
0.99152147769928
0.99137681722641
0.933359920978546
0.996242642402649
0.950674891471863
0.978520274162292
0.921715080738068
0.949759900569916
0.99137681722641
0.985395014286041
0.998887002468109
0.955194115638733
0.991043865680695
0.803554356098175
0.81567108631134
0.933359920978546
0.985395014286041
0.978559851646423
0.810679078102112
0.959304213523865
0.950897216796875
0.968924999237061
0.996242642402649
0.998887002468109
0.978559851646423
0.958105325698853
0.985133767127991
0.726905465126038
0.825819194316864
0.950674891471863
0.955194115638733
0.810679078102112
0.958105325698853
0.938627362251282
0.827166616916656
0.818023204803467
0.978520274162292
0.991043865680695
0.959304213523865
0.985133767127991
0.938627362251282
0.998645663261414
0.961803555488586
0.814208209514618
0.630157947540283
0.938730895519257
0.497696876525879
0.805971384048462
0.998645663261414
0.983897745609283
0.872924447059631
0.722737610340118
0.970182180404663
0.757738649845123
0.88062584400177
0.961803555488586
0.983897745609283
0.992063820362091
0.966594576835632
0.999615430831909
0.88424289226532
0.969181537628174
0.814208209514618
0.872924447059631
0.992063820362091
0.99619722366333
0.996879696846008
0.919384181499481
0.976716339588165
0.630157947540283
0.722737610340118
0.966594576835632
0.99619722366333
0.980687916278839
0.68601405620575
0.957145690917969
0.938730895519257
0.970182180404663
0.999615430831909
0.996879696846008
0.980687916278839
0.950710952281952
0.978737056255341
0.497696876525879
0.757738649845123
0.88424289226532
0.919384181499481
0.68601405620575
0.950710952281952
0.827163100242615
0.805971384048462
0.88062584400177
0.969181537628174
0.976716339588165
0.957145690917969
0.978737056255341
0.827163100242615
0.98958033323288
0.98589015007019
0.888225317001343
0.829189956188202
0.915122389793396
0.317015767097473
0.863125443458557
0.98958033323288
0.99908459186554
0.961847424507141
0.903865277767181
0.976711928844452
0.660727143287659
0.944672822952271
0.98589015007019
0.99908459186554
0.987649023532867
0.956413567066193
0.993298590183258
0.746776819229126
0.964698851108551
0.888225317001343
0.961847424507141
0.987649023532867
0.999348878860474
0.99979031085968
0.937933385372162
0.995264112949371
0.829189956188202
0.903865277767181
0.956413567066193
0.999348878860474
0.997681796550751
0.858052790164948
0.9796102643013
0.915122389793396
0.976711928844452
0.993298590183258
0.99979031085968
0.997681796550751
0.943463981151581
0.994854688644409
0.317015767097473
0.660727143287659
0.746776819229126
0.937933385372162
0.858052790164948
0.943463981151581
0.920017957687378
0.863125443458557
0.944672822952271
0.964698851108551
0.995264112949371
0.9796102643013
0.994854688644409
0.920017957687378
0.999400675296783
0.9899862408638
0.84343296289444
0.499701708555222
0.914449274539948
0.544890463352203
0.823062837123871
0.999400675296783
0.995862543582916
0.904050290584564
0.631384253501892
0.943345129489899
0.546525955200195
0.827397525310516
0.9899862408638
0.995862543582916
0.992109775543213
0.936180770397186
0.996993005275726
0.897684633731842
0.946474015712738
0.84343296289444
0.904050290584564
0.992109775543213
0.99660336971283
0.999666035175323
0.951526880264282
0.970332205295563
0.499701708555222
0.631384253501892
0.936180770397186
0.99660336971283
0.992746591567993
0.802263975143433
0.911004781723022
0.914449274539948
0.943345129489899
0.996993005275726
0.999666035175323
0.992746591567993
0.971293866634369
0.97565084695816
0.544890463352203
0.546525955200195
0.897684633731842
0.951526880264282
0.802263975143433
0.971293866634369
0.983496129512787
0.823062837123871
0.827397525310516
0.946474015712738
0.970332205295563
0.911004781723022
0.97565084695816
0.983496129512787
0.99864798784256
0.97432142496109
0.870061874389648
0.578085839748383
0.947650969028473
0.722104370594025
0.896662175655365
0.99864798784256
0.996123611927032
0.960531711578369
0.754743278026581
0.985744833946228
0.833208024501801
0.952154397964478
0.97432142496109
0.996123611927032
0.997493743896484
0.961728513240814
0.999627649784088
0.953851699829102
0.995762348175049
0.870061874389648
0.960531711578369
0.997493743896484
0.993547379970551
0.999375820159912
0.936123549938202
0.99367094039917
0.578085839748383
0.754743278026581
0.961728513240814
0.993547379970551
0.978190302848816
0.748890042304993
0.977463006973267
0.947650969028473
0.985744833946228
0.999627649784088
0.999375820159912
0.978190302848816
0.956191003322601
0.997926533222198
0.722104370594025
0.833208024501801
0.953851699829102
0.936123549938202
0.748890042304993
0.956191003322601
0.947483479976654
0.896662175655365
0.952154397964478
0.995762348175049
0.99367094039917
0.977463006973267
0.997926533222198
0.947483479976654
0.998475432395935
0.958088994026184
0.949912965297699
0.926473379135132
0.926432728767395
0.842456936836243
0.880250573158264
0.998475432395935
0.954806327819824
0.954814493656158
0.917794108390808
0.944575369358063
0.854102611541748
0.855460464954376
0.958088994026184
0.954806327819824
0.993515193462372
0.981516182422638
0.995556533336639
0.888516485691071
0.959856331348419
0.949912965297699
0.954814493656158
0.993515193462372
0.994220018386841
0.996949911117554
0.892264783382416
0.963686764240265
0.926473379135132
0.917794108390808
0.981516182422638
0.994220018386841
0.994052886962891
0.794461190700531
0.95172643661499
0.926432728767395
0.944575369358063
0.995556533336639
0.996949911117554
0.994052886962891
0.893543899059296
0.969037532806396
0.842456936836243
0.854102611541748
0.888516485691071
0.892264783382416
0.794461190700531
0.893543899059296
0.885822415351868
0.880250573158264
0.855460464954376
0.959856331348419
0.963686764240265
0.95172643661499
0.969037532806396
0.885822415351868
0.999473929405212
0.981677174568176
0.795089840888977
0.579219520092011
0.93001925945282
0.443132489919662
0.906656384468079
0.999473929405212
0.997215449810028
0.931849896907806
0.726309418678284
0.973166644573212
0.560596585273743
0.943863213062286
0.981677174568176
0.997215449810028
0.994356572628021
0.925496637821198
0.996213614940643
0.859298288822174
0.980894267559052
0.795089840888977
0.931849896907806
0.994356572628021
0.998740136623383
0.99800580739975
0.860832929611206
0.99225515127182
0.579219520092011
0.726309418678284
0.925496637821198
0.998740136623383
0.978251695632935
0.766822457313538
0.963587760925293
0.93001925945282
0.973166644573212
0.996213614940643
0.99800580739975
0.978251695632935
0.881871998310089
0.997259020805359
0.443132489919662
0.560596585273743
0.859298288822174
0.860832929611206
0.766822457313538
0.881871998310089
0.847607135772705
0.906656384468079
0.943863213062286
0.980894267559052
0.99225515127182
0.963587760925293
0.997259020805359
0.847607135772705
0.998610854148865
0.98650199174881
0.893464684486389
0.686932384967804
0.948264718055725
0.273967534303665
0.877245187759399
0.998610854148865
0.989795327186584
0.945792675018311
0.748704671859741
0.954644203186035
0.601717889308929
0.912828683853149
0.98650199174881
0.989795327186584
0.974333465099335
0.901240527629852
0.993402779102325
0.786742806434631
0.978168308734894
0.893464684486389
0.945792675018311
0.974333465099335
0.991634964942932
0.997173190116882
0.819465756416321
0.99014288187027
0.686932384967804
0.748704671859741
0.901240527629852
0.991634964942932
0.94845587015152
0.478715300559998
0.953450500965118
0.948264718055725
0.954644203186035
0.993402779102325
0.997173190116882
0.94845587015152
0.781572103500366
0.996046960353851
0.273967534303665
0.601717889308929
0.786742806434631
0.819465756416321
0.478715300559998
0.781572103500366
0.706772029399872
0.877245187759399
0.912828683853149
0.978168308734894
0.99014288187027
0.953450500965118
0.996046960353851
0.706772029399872
0.996127665042877
0.954988896846771
0.56316739320755
0.420124500989914
0.836391866207123
0.280673682689667
0.809878170490265
0.996127665042877
0.99398797750473
0.905143141746521
0.789650559425354
0.960288882255554
0.805188953876495
0.947945654392242
0.954988896846771
0.99398797750473
0.992489457130432
0.976043224334717
0.99787849187851
0.944287598133087
0.991665899753571
0.56316739320755
0.905143141746521
0.992489457130432
0.998981356620789
0.998788952827454
0.9477578997612
0.993380904197693
0.420124500989914
0.789650559425354
0.976043224334717
0.998981356620789
0.993260979652405
0.910389363765717
0.978282690048218
0.836391866207123
0.960288882255554
0.99787849187851
0.998788952827454
0.993260979652405
0.976090133190155
0.996648669242859
0.280673682689667
0.805188953876495
0.944287598133087
0.9477578997612
0.910389363765717
0.976090133190155
0.951705157756805
0.809878170490265
0.947945654392242
0.991665899753571
0.993380904197693
0.978282690048218
0.996648669242859
0.951705157756805
0.994979918003082
0.984636187553406
0.868370950222015
0.695161044597626
0.946373879909515
0.657012343406677
0.926586210727692
0.994979918003082
0.995517790317535
0.931088626384735
0.797145843505859
0.975524365901947
0.822563648223877
0.939297139644623
0.984636187553406
0.995517790317535
0.985422372817993
0.949060618877411
0.997864544391632
0.924871683120728
0.984363257884979
0.868370950222015
0.931088626384735
0.985422372817993
0.993772625923157
0.990510106086731
0.840902268886566
0.983845591545105
0.695161044597626
0.797145843505859
0.949060618877411
0.993772625923157
0.97526353597641
0.746824502944946
0.965298175811768
0.946373879909515
0.975524365901947
0.997864544391632
0.990510106086731
0.97526353597641
0.964348137378693
0.984322428703308
0.657012343406677
0.822563648223877
0.924871683120728
0.840902268886566
0.746824502944946
0.964348137378693
0.831734478473663
0.926586210727692
0.939297139644623
0.984363257884979
0.983845591545105
0.965298175811768
0.984322428703308
0.831734478473663
0.999339163303375
0.994988441467285
0.95984673500061
0.84195077419281
0.981201350688934
0.793406963348389
0.944769084453583
0.999339163303375
0.998006403446198
0.976249754428864
0.868587017059326
0.992144823074341
0.869238913059235
0.962290644645691
0.994988441467285
0.998006403446198
0.996481895446777
0.946585953235626
0.998840928077698
0.933468401432037
0.98060268163681
0.95984673500061
0.976249754428864
0.996481895446777
0.993100762367249
0.999354362487793
0.926218450069427
0.994112193584442
0.84195077419281
0.868587017059326
0.946585953235626
0.993100762367249
0.983969509601593
0.652020871639252
0.969529151916504
0.981201350688934
0.992144823074341
0.998840928077698
0.999354362487793
0.983969509601593
0.948290705680847
0.995063781738281
0.793406963348389
0.869238913059235
0.933468401432037
0.926218450069427
0.652020871639252
0.948290705680847
0.936732172966003
0.944769084453583
0.962290644645691
0.98060268163681
0.994112193584442
0.969529151916504
0.995063781738281
0.936732172966003
0.998750150203705
0.981383323669434
0.894741714000702
0.441300243139267
0.942189455032349
0.137414932250977
0.924368441104889
0.998750150203705
0.996555805206299
0.956944406032562
0.746079742908478
0.972430944442749
0.179773926734924
0.94411039352417
0.981383323669434
0.996555805206299
0.99004191160202
0.87133514881134
0.99704897403717
0.358827859163284
0.987941980361938
0.894741714000702
0.956944406032562
0.99004191160202
0.983549296855927
0.998789310455322
0.676053524017334
0.992969572544098
0.441300243139267
0.746079742908478
0.87133514881134
0.983549296855927
0.951504766941071
0.1217972189188
0.921512246131897
0.942189455032349
0.972430944442749
0.99704897403717
0.998789310455322
0.951504766941071
0.714001297950745
0.995382010936737
0.137414932250977
0.179773926734924
0.358827859163284
0.676053524017334
0.1217972189188
0.714001297950745
0.637043714523315
0.924368441104889
0.94411039352417
0.987941980361938
0.992969572544098
0.921512246131897
0.995382010936737
0.637043714523315
0.992414832115173
0.978430330753326
0.858069539070129
0.789624154567719
0.930321276187897
0.659176826477051
0.909024655818939
0.992414832115173
0.991735219955444
0.933644413948059
0.826410114765167
0.958434402942657
0.83316558599472
0.934842824935913
0.978430330753326
0.991735219955444
0.982486426830292
0.855163514614105
0.98124498128891
0.836451888084412
0.979114055633545
0.858069539070129
0.933644413948059
0.982486426830292
0.924747943878174
0.986492812633514
0.914089560508728
0.97442102432251
0.789624154567719
0.826410114765167
0.855163514614105
0.924747943878174
0.951905190944672
0.927250325679779
0.894214808940887
0.930321276187897
0.958434402942657
0.98124498128891
0.986492812633514
0.951905190944672
0.977130711078644
0.984018504619598
0.659176826477051
0.83316558599472
0.836451888084412
0.914089560508728
0.927250325679779
0.977130711078644
0.919715046882629
0.909024655818939
0.934842824935913
0.979114055633545
0.97442102432251
0.894214808940887
0.984018504619598
0.919715046882629
0.999346971511841
0.989102780818939
0.937188565731049
0.875733137130737
0.950009763240814
0.43417564034462
0.946972250938416
0.999346971511841
0.998942315578461
0.979954481124878
0.942870318889618
0.98613578081131
0.524901986122131
0.979475677013397
0.989102780818939
0.998942315578461
0.99825245141983
0.985507845878601
0.998977839946747
0.836856782436371
0.996374428272247
0.937188565731049
0.979954481124878
0.99825245141983
0.998535931110382
0.999714314937592
0.89894163608551
0.996443092823029
0.875733137130737
0.942870318889618
0.985507845878601
0.998535931110382
0.995887279510498
0.785663425922394
0.985484600067139
0.950009763240814
0.98613578081131
0.998977839946747
0.999714314937592
0.995887279510498
0.899814188480377
0.997135519981384
0.43417564034462
0.524901986122131
0.836856782436371
0.89894163608551
0.785663425922394
0.899814188480377
0.85382080078125
0.946972250938416
0.979475677013397
0.996374428272247
0.996443092823029
0.985484600067139
0.997135519981384
0.85382080078125
0.998653531074524
0.939684987068176
0.804773390293121
0.287445992231369
0.864388167858124
0.213304996490479
0.857732117176056
0.998653531074524
0.993072867393494
0.925225853919983
0.437142044305801
0.955712854862213
0.573080360889435
0.956494688987732
0.939684987068176
0.993072867393494
0.996114194393158
0.911047995090485
0.998228847980499
0.927694201469421
0.9974365234375
0.804773390293121
0.925225853919983
0.996114194393158
0.991579711437225
0.999833822250366
0.952939987182617
0.998000860214233
0.287445992231369
0.437142044305801
0.911047995090485
0.991579711437225
0.983477592468262
0.627489566802979
0.941395282745361
0.864388167858124
0.955712854862213
0.998228847980499
0.999833822250366
0.983477592468262
0.958803534507751
0.998414397239685
0.213304996490479
0.573080360889435
0.927694201469421
0.952939987182617
0.627489566802979
0.958803534507751
0.937067449092865
0.857732117176056
0.956494688987732
0.9974365234375
0.998000860214233
0.941395282745361
0.998414397239685
0.937067449092865
