66.4199377245733
66.114820594704
64.31955471317
66.4756273039056
66.8562744764245
66.0320742823597
66.7028323808672
66.4199377245733
66.9256230807765
66.7198262490261
65.3987955624817
64.7387521570723
64.792017070188
66.4125747243441
66.114820594704
66.9256230807765
65.3653560173358
66.7963843863032
66.4496958867647
66.0548570031027
66.9631088297679
64.31955471317
66.7198262490261
65.3653560173358
64.0246782069078
64.348066007704
64.654798270083
65.5798569553553
66.4756273039056
65.3987955624817
66.7963843863032
64.0246782069078
66.5633707925873
65.8372326393682
66.3746577994755
66.8562744764245
64.7387521570723
66.4496958867647
64.348066007704
66.5633707925873
66.0707749937589
66.494428611784
66.0320742823597
64.792017070188
66.0548570031027
64.654798270083
65.8372326393682
66.0707749937589
66.483106722355
66.7028323808672
66.4125747243441
66.9631088297679
65.5798569553553
66.3746577994755
66.494428611784
66.483106722355
65.6805230416086
65.3820916794606
65.5498324823736
42.5707326207615
27.6509762151352
63.8023593677332
65.7878265764199
65.6805230416086
66.6501913838891
65.7409651601384
34.8991116345978
20.9880500613685
50.8735514787492
63.9139111753725
65.3820916794606
66.6501913838891
63.2483239071354
32.073139698429
16.2578906983929
50.2510352380694
65.0561988380381
65.5498324823736
65.7409651601384
63.2483239071354
59.6940263327662
37.9188381707453
64.4276847371046
66.1076814259591
42.5707326207615
34.8991116345978
32.073139698429
59.6940263327662
59.3014791670929
52.5228610865258
60.787497044368
27.6509762151352
20.9880500613685
16.2578906983929
37.9188381707453
59.3014791670929
40.9795590688543
33.5390402131475
63.8023593677332
50.8735514787492
50.2510352380694
64.4276847371046
52.5228610865258
40.9795590688543
65.1438494279221
65.7878265764199
63.9139111753725
65.0561988380381
66.1076814259591
60.787497044368
33.5390402131475
65.1438494279221
66.3589719211694
67.1428602773127
64.4211041275951
66.3680357189055
66.2219187821191
66.1032983036081
66.252912778946
66.3589719211694
66.782232236091
46.9653874209755
65.2935554293631
65.1588860292605
66.6726214168145
66.625427343591
67.1428602773127
66.782232236091
62.6082184239778
66.5109579587893
66.9031378498295
67.3627374165708
66.4507648350775
64.4211041275951
46.9653874209755
62.6082184239778
62.6500194625042
61.0610927214104
58.7167115958473
42.8229380130088
66.3680357189055
65.2935554293631
66.5109579587893
62.6500194625042
66.1296096463505
65.9988862241177
65.0826614217245
66.2219187821191
65.1588860292605
66.9031378498295
61.0610927214104
66.1296096463505
64.7406969583507
64.8949410092571
66.1032983036081
66.6726214168145
67.3627374165708
58.7167115958473
65.9988862241177
64.7406969583507
66.5142387705954
66.252912778946
66.625427343591
66.4507648350775
42.8229380130088
65.0826614217245
64.8949410092571
66.5142387705954
63.6375091952067
62.5092674305369
65.6737416798461
61.6295787500199
63.2250111033689
65.0069867885753
65.9960635318444
63.6375091952067
62.9259899985612
64.1030996285547
58.6574433770925
61.5211009270624
63.5572042547973
65.1613094007831
62.5092674305369
62.9259899985612
64.3586204845783
36.188727334824
61.2700119692813
64.0988713129274
65.7966213978438
65.6737416798461
64.1030996285547
64.3586204845783
42.5870926729888
59.9163537256998
63.86355008808
66.2348687833148
61.6295787500199
58.6574433770925
36.188727334824
42.5870926729888
66.1469535131376
56.4725440581721
41.44465138143
63.2250111033689
61.5211009270624
61.2700119692813
59.9163537256998
66.1469535131376
66.0379074078871
63.7685633439012
65.0069867885753
63.5572042547973
64.0988713129274
63.86355008808
56.4725440581721
66.0379074078871
66.5715655952854
65.9960635318444
65.1613094007831
65.7966213978438
66.2348687833148
41.44465138143
63.7685633439012
66.5715655952854
65.3872224530829
65.1809864882473
37.2459805746812
65.5901048495236
65.1033644434487
63.8643322611003
66.7185022738851
65.3872224530829
65.9537644088542
61.6923316295171
64.6414748618882
64.598160522847
64.2445282323803
66.1932030897721
65.1809864882473
65.9537644088542
50.395309663028
66.0179546551416
65.6725414555741
62.0409971015802
63.2997091313639
37.2459805746812
61.6923316295171
50.395309663028
46.7585639401399
61.8257833247775
27.2267428478352
29.0263987777797
65.5901048495236
64.6414748618882
66.0179546551416
46.7585639401399
64.6418153392971
62.9655881029047
66.5951909932687
65.1033644434487
64.598160522847
65.6725414555741
61.8257833247775
64.6418153392971
64.8159577061086
65.7734265575653
63.8643322611003
64.2445282323803
62.0409971015802
27.2267428478352
62.9655881029047
64.8159577061086
60.2191061150926
66.7185022738851
66.1932030897721
63.2997091313639
29.0263987777797
66.5951909932687
65.7734265575653
60.2191061150926
65.0676729531327
64.9504328287361
66.3969294481002
65.6477965436961
64.7634485279034
66.4641185763413
61.5772813043637
65.0676729531327
64.8272454143461
65.0113769953704
65.4186047389033
64.5568608548125
64.4267905593287
61.387318445077
64.9504328287361
64.8272454143461
66.4640144121209
65.6553724602726
64.5868820671588
66.4157712133501
61.9478274234793
66.3969294481002
65.0113769953704
66.4640144121209
66.4372403601661
66.7425740501701
66.2152207115576
56.1179088179557
65.6477965436961
65.4186047389033
65.6553724602726
66.4372403601661
66.033645420478
66.5130624129701
63.8862105601951
64.7634485279034
64.5568608548125
64.5868820671588
66.7425740501701
66.033645420478
66.3581701361571
61.4847328836984
66.4641185763413
64.4267905593287
66.4157712133501
66.2152207115576
66.5130624129701
66.3581701361571
62.1606417236687
61.5772813043637
61.387318445077
61.9478274234793
56.1179088179557
63.8862105601951
61.4847328836984
62.1606417236687
67.0808945557806
67.3274512175
66.1477720358095
64.8669247473885
54.9956875488629
63.8856942796975
64.5702505840523
67.0808945557806
67.3624556582135
66.9411044949625
66.2228583129871
61.2411559499279
65.5632179126937
65.5220950591824
67.3274512175
67.3624556582135
66.5308525874495
65.4584197195032
61.051921169391
65.5623279419444
65.6558832147445
66.1477720358095
66.9411044949625
66.5308525874495
65.0919783898053
50.695578438591
64.3120686663747
65.3569754377636
64.8669247473885
66.2228583129871
65.4584197195032
65.0919783898053
20.770294581215
52.3929002313565
61.3044128074559
54.9956875488629
61.2411559499279
61.051921169391
50.695578438591
20.770294581215
64.7718945641208
56.0283255893664
63.8856942796975
65.5632179126937
65.5623279419444
64.3120686663747
52.3929002313565
64.7718945641208
62.4574228798337
64.5702505840523
65.5220950591824
65.6558832147445
65.3569754377636
61.3044128074559
56.0283255893664
62.4574228798337
67.4586410356208
66.0016484846986
66.7326466694101
66.6055364063644
66.5357054760948
66.3847083868904
66.8918809931776
67.4586410356208
66.3725678678662
66.7469204372309
66.5005964992002
65.7573010727656
66.2529335620569
66.5943234378909
66.0016484846986
66.3725678678662
65.194447852757
64.2293351164022
62.9620709679925
63.8084899888149
66.2460548829318
66.7326466694101
66.7469204372309
65.194447852757
65.2051437115507
66.2982069632906
66.3301363449075
66.8501121069154
66.6055364063644
66.5005964992002
64.2293351164022
65.2051437115507
66.3208104308502
65.7159948960722
66.1460185196868
66.5357054760948
65.7573010727656
62.9620709679925
66.2982069632906
66.3208104308502
66.3747880995226
66.6167456997636
66.3847083868904
66.2529335620569
63.8084899888149
66.3301363449075
65.7159948960722
66.3747880995226
66.975143270448
66.8918809931776
66.5943234378909
66.2460548829318
66.8501121069154
66.1460185196868
66.6167456997636
66.975143270448
61.4620300367973
65.9157309868119
66.1659984579603
66.916107090592
63.2502566925172
66.7591723656669
66.5561966410425
61.4620300367973
60.0090250266649
59.6783982042113
65.0185550945265
59.6138403078203
63.964663820691
62.9910777649282
65.9157309868119
60.0090250266649
45.276530051178
66.2589238774101
65.7929446906039
64.8710723449534
66.3328248315824
66.1659984579603
59.6783982042113
45.276530051178
64.1148772273908
44.1834901224835
64.9275743721019
58.0521391756732
66.916107090592
65.0185550945265
66.2589238774101
64.1148772273908
65.2167663529878
65.7534053887174
65.3351473424306
63.2502566925172
59.6138403078203
65.7929446906039
44.1834901224835
65.2167663529878
65.6481729671384
65.8864465983562
66.7591723656669
63.964663820691
64.8710723449534
64.9275743721019
65.7534053887174
65.6481729671384
67.2746047596285
66.5561966410425
62.9910777649282
66.3328248315824
58.0521391756732
65.3351473424306
65.8864465983562
67.2746047596285
66.4963656778236
66.8935950976903
65.2841404842384
38.3475568875213
35.9490954294583
65.1143578249956
53.4553087478471
66.4963656778236
66.4891918199731
66.5619471389442
52.7797243826174
52.2542798215813
65.7988948217193
63.9978040335123
66.8935950976903
66.4891918199731
65.1408576937436
51.9490377435516
56.7412456732441
66.7295681327075
58.2262373355085
65.2841404842384
66.5619471389442
65.1408576937436
51.0614944923139
56.9212220134889
66.0436087629624
64.5826225006191
38.3475568875213
52.7797243826174
51.9490377435516
51.0614944923139
61.9519705117457
61.1346512421733
56.4437225165058
35.9490954294583
52.2542798215813
56.7412456732441
56.9212220134889
61.9519705117457
62.1703473950592
61.4694305134302
65.1143578249956
65.7988948217193
66.7295681327075
66.0436087629624
61.1346512421733
62.1703473950592
65.138023662651
53.4553087478471
63.9978040335123
58.2262373355085
64.5826225006191
56.4437225165058
61.4694305134302
65.138023662651
64.9873901367215
65.5423430311049
47.6862968036211
65.0098581898724
61.0840356159505
61.2508406435665
61.7460886772837
64.9873901367215
66.7810472663562
64.5694154301201
65.0822192660962
65.5636819751226
65.4671851759735
66.0268681761283
65.5423430311049
66.7810472663562
62.5787699592201
64.2717894139632
64.671535714661
64.737213861484
65.5376695428133
47.6862968036211
64.5694154301201
62.5787699592201
63.6448394107373
65.2934224299012
61.3453796786731
64.9380704200452
65.0098581898724
65.0822192660962
64.2717894139632
63.6448394107373
63.8690643848497
64.4959838450826
64.4150689944061
61.0840356159505
65.5636819751226
64.671535714661
65.2934224299012
63.8690643848497
65.3247805715919
66.5677924643261
61.2508406435665
65.4671851759735
64.737213861484
61.3453796786731
64.4959838450826
65.3247805715919
65.4904418432395
61.7460886772837
66.0268681761283
65.5376695428133
64.9380704200452
64.4150689944061
66.5677924643261
65.4904418432395
67.1344724341731
67.2981955454082
63.6250136140951
65.5066602953844
66.2815758756686
66.9059981146706
66.7048423882894
67.1344724341731
67.122040159816
58.3025795653844
64.6776921030175
64.9320203470587
65.9425628813958
65.5773547325429
67.2981955454082
67.122040159816
64.0038083139358
65.4214591192279
65.8574961051276
66.4221867038815
66.6886860892096
63.6250136140951
58.3025795653844
64.0038083139358
66.356561504336
65.9678083757604
65.0617957701159
65.8354294412746
65.5066602953844
64.6776921030175
65.4214591192279
66.356561504336
67.0480806914735
65.6460021358334
65.6152109603763
66.2815758756686
64.9320203470587
65.8574961051276
65.9678083757604
67.0480806914735
66.8759881454529
66.894875641929
66.9059981146706
65.9425628813958
66.4221867038815
65.0617957701159
65.6460021358334
66.8759881454529
67.4552773366919
66.7048423882894
65.5773547325429
66.6886860892096
65.8354294412746
65.6152109603763
66.894875641929
67.4552773366919
65.3386122322431
63.3281466730179
66.4828442918311
63.941427811475
63.9556100784092
66.3796599668496
65.6978505452312
65.3386122322431
66.380756273422
65.4270469637861
65.8224782023778
66.7187686580598
62.906364131318
66.6295975294787
63.3281466730179
66.380756273422
65.1881373270704
62.8227774699297
66.43944962012
62.2722820380131
66.5517112938661
66.4828442918311
65.4270469637861
65.1881373270704
66.5722803505066
66.0368839164664
63.9436177519967
65.1676382831007
63.941427811475
65.8224782023778
62.8227774699297
66.5722803505066
65.2420045514057
54.0993181691719
62.8305163759015
63.9556100784092
66.7187686580598
66.43944962012
66.0368839164664
65.2420045514057
61.4977503077211
66.6910607580513
66.3796599668496
62.906364131318
62.2722820380131
63.9436177519967
54.0993181691719
61.4977503077211
66.1965651748912
65.6978505452312
66.6295975294787
66.5517112938661
65.1676382831007
62.8305163759015
66.6910607580513
66.1965651748912
67.1012263693936
67.2472573928989
65.2371704435504
65.5456370576536
65.5846280591685
65.8012677596286
66.2741532071254
67.1012263693936
66.542064696196
63.1241921284099
66.3270528138386
65.936293205543
65.8588432237967
65.7561507533152
67.2472573928989
66.542064696196
66.7962772394162
63.9917208056455
66.6314360654304
65.5336802356737
66.1212496470556
65.2371704435504
63.1241921284099
66.7962772394162
44.7985522835802
66.1286610958653
63.2262934597633
65.122217180035
65.5456370576536
66.3270528138386
63.9917208056455
44.7985522835802
63.5184520916053
54.8286455851463
59.098366718521
65.5846280591685
65.936293205543
66.6314360654304
66.1286610958653
63.5184520916053
64.3424187069418
64.8210758164755
65.8012677596286
65.8588432237967
65.5336802356737
63.2262934597633
54.8286455851463
64.3424187069418
66.012717860845
66.2741532071254
65.7561507533152
66.1212496470556
65.122217180035
59.098366718521
64.8210758164755
66.012717860845
66.7744698513857
65.4845275979592
62.2471083170511
65.4947932850125
65.3027742559454
63.1280930575804
63.8490265008631
66.7744698513857
66.7582867790612
61.615716296256
65.2374825464384
66.8818839301703
65.09551385898
66.1308556797062
65.4845275979592
66.7582867790612
64.0035894139888
63.3916411686954
66.087827280972
64.0365638289624
64.8157180254621
62.2471083170511
61.615716296256
64.0035894139888
65.0721141327449
65.013054704272
60.8668946947423
64.2429970382383
65.4947932850125
65.2374825464384
63.3916411686954
65.0721141327449
66.696356536224
65.8855611516299
63.9687826617714
65.3027742559454
66.8818839301703
66.087827280972
65.013054704272
66.696356536224
67.264766472408
66.0362922975055
63.1280930575804
65.09551385898
64.0365638289624
60.8668946947423
65.8855611516299
67.264766472408
63.6441845025736
63.8490265008631
66.1308556797062
64.8157180254621
64.2429970382383
63.9687826617714
66.0362922975055
63.6441845025736
66.8432534745952
67.129961004837
66.3732628715266
66.5034442554834
64.9120934862192
66.9821261599448
67.1788062556436
66.8432534745952
65.1885910125076
63.4773577034208
39.7137045684087
65.6522029945932
64.8581728009056
64.8881656825598
67.129961004837
65.1885910125076
64.5336081172195
52.1359788034464
66.2472340317099
65.8170668088224
65.8359399878214
66.3732628715266
63.4773577034208
64.5336081172195
58.6750051828648
64.3905934873645
65.0004663372122
64.862806411779
66.5034442554834
39.7137045684087
52.1359788034464
58.6750051828648
37.5278120648853
61.0876792996099
63.9997963819223
64.9120934862192
65.6522029945932
66.2472340317099
64.3905934873645
37.5278120648853
66.1405483798551
66.4824739654105
66.9821261599448
64.8581728009056
65.8170668088224
65.0004663372122
61.0876792996099
66.1405483798551
66.1707253074901
67.1788062556436
64.8881656825598
65.8359399878214
64.862806411779
63.9997963819223
66.4824739654105
66.1707253074901
63.3139548099973
64.4268004410028
61.3923965979603
40.6051816861866
62.9270404923055
62.8986738629876
66.1462763739415
63.3139548099973
62.6999210165699
62.1087282782157
28.0442970552334
63.8501239048965
64.1140117517756
66.0673234719937
64.4268004410028
62.6999210165699
62.1108406406356
44.6830375602294
61.9804702943716
62.7245092047414
65.1784981730729
61.3923965979603
62.1087282782157
62.1108406406356
32.1020398898157
60.2352864248583
64.3049142156487
64.0314933182536
40.6051816861866
28.0442970552334
44.6830375602294
32.1020398898157
38.3732116805927
39.9058710375756
42.8974142105431
