62.5217335288007
64.2223965929435
64.7139729302325
64.7589330669576
62.5639187654812
66.3148608610886
65.5634612447682
55.9979151086538
65.0906245397463
65.7235926553491
66.0176957942763
65.0776502004389
66.3148608610886
66.5243923532898
59.6614843406646
65.2218895469796
65.3359573368709
66.4503288960655
63.8982891766534
65.5634612447682
66.5243923532898
64.6460134650282
66.8741147637314
66.7767808816136
66.0568320482401
65.0668215362396
66.7546316174663
64.5283521887282
64.6460134650282
66.7551439181782
66.1243132692261
65.940566856211
64.9937553033208
66.8790472563457
64.1730963521082
66.8741147637314
66.7551439181782
65.2008921536563
66.4642658566026
66.0960163793287
66.0134385618581
66.8524551246519
66.7767808816136
66.1243132692261
65.2008921536563
66.1244749588102
66.6103686855773
66.4007256495558
66.2829810523812
66.0568320482401
65.940566856211
66.4642658566026
66.1244749588102
67.0785679286781
66.2284401310936
65.7436727816489
65.0668215362396
64.9937553033208
66.0960163793287
66.6103686855773
67.0785679286781
66.7231941434477
64.854104002056
66.7546316174663
66.8790472563457
66.0134385618581
66.4007256495558
66.2284401310936
66.7231941434477
67.1010128844084
64.5283521887282
64.1730963521082
66.8524551246519
66.2829810523812
65.7436727816489
64.854104002056
67.1010128844084
64.8681775269638
65.5109267574838
64.2030673805337
62.8082504936431
66.3467175059555
64.6756207221212
64.4521664934425
64.8681775269638
65.536889480055
63.8353871941993
62.8238980447574
65.9648750800148
64.3309748942849
64.3059740640457
65.5109267574838
65.536889480055
64.2740246387179
63.5491723391579
66.4266973336626
64.6971787320813
64.4540238487092
64.2030673805337
63.8353871941993
64.2740246387179
61.5465462400472
65.6255485195421
64.3981910800859
63.8394406840122
62.8082504936431
62.8238980447574
63.5491723391579
61.5465462400472
64.1795233551001
59.5504006608332
56.8570209804161
66.3467175059555
65.9648750800148
66.4266973336626
65.6255485195421
64.1795233551001
66.1194875456892
63.2031353483727
64.6756207221212
64.3309748942849
64.6971787320813
64.3981910800859
59.5504006608332
66.1194875456892
62.4364273928778
64.4521664934425
64.3059740640457
64.4540238487092
63.8394406840122
56.8570209804161
63.2031353483727
62.4364273928778
65.6145883043383
66.106224569739
64.4865897986971
50.856695769374
64.4840020925403
56.2574412641002
64.0484004347008
65.6145883043383
66.9115845835448
65.0920939592141
46.2647818811913
65.0822072313084
58.6133455538381
65.27829360094
66.106224569739
66.9115845835448
66.4863800444213
63.9322091068073
66.243503117528
62.7104624637607
64.6749848994047
64.4865897986971
65.0920939592141
66.4863800444213
57.3375151205384
64.4247044494875
59.6617454742334
63.9791682709265
50.856695769374
46.2647818811913
63.9322091068073
57.3375151205384
61.1588757525741
35.8084830168977
38.4034054362566
64.4840020925403
65.0822072313084
66.243503117528
64.4247044494875
61.1588757525741
52.0889765192292
64.7113480547797
56.2574412641002
58.6133455538381
62.7104624637607
59.6617454742334
35.8084830168977
52.0889765192292
64.16367419342
64.0484004347008
65.27829360094
64.6749848994047
63.9791682709265
38.4034054362566
64.7113480547797
64.16367419342
65.3185652013295
53.0319806167342
62.1437471312762
62.5332857363457
64.6040064417399
48.5474369514347
55.9591835519622
65.3185652013295
48.8371423554271
64.2740343379319
60.5040677951926
63.8229278024447
39.7762601260874
53.8997217114824
53.0319806167342
48.8371423554271
31.8553864343069
31.9380176452253
40.9862326584181
20.7283627102923
29.4368784782733
62.1437471312762
64.2740343379319
31.8553864343069
62.0782604956755
63.601325646036
51.4073718695595
57.1389669439546
62.5332857363457
60.5040677951926
31.9380176452253
62.0782604956755
65.5219285281232
48.2954579932324
56.56964644887
64.6040064417399
63.8229278024447
40.9862326584181
63.601325646036
65.5219285281232
50.5225722874007
59.0701403089543
48.5474369514347
39.7762601260874
20.7283627102923
51.4073718695595
48.2954579932324
50.5225722874007
50.8900885721524
55.9591835519622
53.8997217114824
29.4368784782733
57.1389669439546
56.56964644887
59.0701403089543
50.8900885721524
66.4041697066213
66.5535278942398
67.1084705532285
66.1999952392815
28.9692491669462
64.7438552171324
65.8489403111815
66.4041697066213
65.647008753825
66.1308797433057
64.8758911971029
39.8478092129887
62.1445161290677
65.0230207676982
66.5535278942398
65.647008753825
65.7091505803377
64.6699984571
45.6123466814397
62.1067909423072
64.8067244877978
67.1084705532285
66.1308797433057
65.7091505803377
65.5656031699773
39.3089758025057
63.794775239631
65.7249488528536
66.1999952392815
64.8758911971029
64.6699984571
65.5656031699773
33.5186597230761
63.9081868041631
66.0163831404548
28.9692491669462
39.8478092129887
45.6123466814397
39.3089758025057
33.5186597230761
11.939650161353
27.9563787562942
64.7438552171324
62.1445161290677
62.1067909423072
63.794775239631
63.9081868041631
11.939650161353
64.7178219157364
65.8489403111815
65.0230207676982
64.8067244877978
65.7249488528536
66.0163831404548
27.9563787562942
64.7178219157364
65.2242773310735
65.3394312366653
64.1337525370804
64.1703463627995
59.8875354803677
61.3292799137836
52.4772086674189
65.2242773310735
67.1275538950072
65.5218540812713
62.0584724763917
65.5146110290775
66.8370073902318
65.8665550962789
65.3394312366653
67.1275538950072
64.7479154426262
62.531845910241
64.7100399783863
64.9446366875651
64.4337533882127
64.1337525370804
65.5218540812713
64.7479154426262
64.2620911905027
60.1871964298638
63.1497919811547
60.0082549014428
64.1703463627995
62.0584724763917
62.531845910241
64.2620911905027
59.5902574269774
61.5658887908216
40.4865113842494
59.8875354803677
65.5146110290775
64.7100399783863
60.1871964298638
59.5902574269774
64.0121217087115
64.239215677591
61.3292799137836
66.8370073902318
64.9446366875651
63.1497919811547
61.5658887908216
64.0121217087115
63.9349210915908
52.4772086674189
65.8665550962789
64.4337533882127
60.0082549014428
40.4865113842494
64.239215677591
63.9349210915908
62.8814497772886
60.146848490943
33.6321333542919
64.4295292444819
59.2023192818992
36.5508710156381
31.5519221654976
62.8814497772886
62.5778860937278
50.7294054432842
64.0970810508933
65.2722506815653
59.1802607120473
55.0522517080216
60.146848490943
62.5778860937278
53.7411270822885
63.9823262080586
59.5326770519544
39.3140765606015
46.3730756574042
33.6321333542919
50.7294054432842
53.7411270822885
54.1500976350939
51.4132741705464
28.8587411957979
52.6217621717314
64.4295292444819
64.0970810508933
63.9823262080586
54.1500976350939
63.4619667154038
39.0317434632403
45.7297758149467
59.2023192818992
65.2722506815653
59.5326770519544
51.4132741705464
63.4619667154038
59.9929083116282
52.143894404264
36.5508710156381
59.1802607120473
39.3140765606015
28.8587411957979
39.0317434632403
59.9929083116282
41.559302931857
31.5519221654976
55.0522517080216
46.3730756574042
52.6217621717314
45.7297758149467
52.143894404264
41.559302931857
66.8896465479883
67.1746539837575
64.8567453282069
66.3770537239731
65.930839898604
66.6329633587598
67.0391009666878
66.8896465479883
66.7835551285005
61.7979973067953
65.3125339321953
64.3532256234497
65.7227555422477
65.7243876307842
67.1746539837575
66.7835551285005
64.9595400983021
66.5858834691187
65.2101162259291
66.5539277911772
66.9651447548507
64.8567453282069
61.7979973067953
64.9595400983021
65.956256781794
66.230630569779
64.7751477581555
64.1774339293823
66.3770537239731
65.3125339321953
66.5858834691187
65.956256781794
65.9144484062521
66.8023265489973
66.8941488681225
65.930839898604
64.3532256234497
65.2101162259291
66.230630569779
65.9144484062521
66.5109418103899
65.3474858959088
66.6329633587598
65.7227555422477
66.5539277911772
64.7751477581555
66.8023265489973
66.5109418103899
66.8457283681416
67.0391009666878
65.7243876307842
66.9651447548507
64.1774339293823
66.8941488681225
65.3474858959088
66.8457283681416
66.0852048964926
66.4253191186466
62.3137035417075
60.7246084005492
62.2264876259243
60.2357144065523
65.4734219779628
66.0852048964926
66.6796360264765
65.8595817133967
65.6609762310921
64.5842248850135
62.5071396425762
67.0407296438324
66.4253191186466
66.6796360264765
63.9553423470179
64.7211448212777
55.7831104147565
53.4976935134924
66.8601983276225
62.3137035417075
65.8595817133967
63.9553423470179
63.8315455728249
62.1752264577544
60.7856422742094
65.7657585038861
60.7246084005492
65.6609762310921
64.7211448212777
63.8315455728249
61.5626169209447
62.2859380403633
65.7958748066208
62.2264876259243
64.5842248850135
55.7831104147565
62.1752264577544
61.5626169209447
64.807079682892
62.2722428607599
60.2357144065523
62.5071396425762
53.4976935134924
60.7856422742094
62.2859380403633
64.807079682892
56.4848540218585
65.4734219779628
67.0407296438324
66.8601983276225
65.7657585038861
65.7958748066208
62.2722428607599
56.4848540218585
66.5504823102
64.6039303039726
64.8425099820373
65.6004308644691
64.7355696310837
64.4518512001271
66.0874651343463
66.5504823102
66.6605044206848
66.6249529153925
65.8774072902928
66.2622516594562
66.0172447876763
66.3857533417593
64.6039303039726
66.6605044206848
64.6138323568612
65.5858739062988
64.541160163138
64.4940087636803
66.0730991649472
64.8425099820373
66.6249529153925
64.6138323568612
63.4980546493416
64.7148589724237
64.3891839792752
65.1143918698092
65.6004308644691
65.8774072902928
65.5858739062988
63.4980546493416
65.649717975795
64.9726472716809
60.0419997908087
64.7355696310837
66.2622516594562
64.541160163138
64.7148589724237
65.649717975795
64.7159684519587
65.6856273944305
64.4518512001271
66.0172447876763
64.4940087636803
64.3891839792752
64.9726472716809
64.7159684519587
63.6758921571012
66.0874651343463
66.3857533417593
66.0730991649472
65.1143918698092
60.0419997908087
65.6856273944305
63.6758921571012
65.8013228953147
66.6640883308261
65.6814068673101
61.5453274491788
66.4556852616025
65.5477617086799
66.3348221610398
65.8013228953147
64.2584310358334
64.1188792148549
60.6865947472134
64.1646807580858
65.024337378948
65.0615967321938
66.6640883308261
64.2584310358334
64.8702027600258
63.6101740104585
65.4203530814989
65.9844528636939
66.3958990898353
65.6814068673101
64.1188792148549
64.8702027600258
57.3529873867603
63.1140657864583
61.9049564093458
63.4786962270145
61.5453274491788
60.6865947472134
63.6101740104585
57.3529873867603
62.9304693228433
64.1498983768188
63.1834138830404
66.4556852616025
64.1646807580858
65.4203530814989
63.1140657864583
62.9304693228433
66.4803930467711
66.5210918512307
65.5477617086799
65.024337378948
65.9844528636939
61.9049564093458
64.1498983768188
66.4803930467711
66.7719218425792
66.3348221610398
65.0615967321938
66.3958990898353
63.4786962270145
63.1834138830404
66.5210918512307
66.7719218425792
65.7125923397986
65.8611702484163
65.3992433098788
61.761511371503
64.3196461889007
62.7055536280865
63.3820186240091
65.7125923397986
65.9424042356967
66.2253201966269
63.0676775980671
63.8854801958797
64.7261687264764
64.9422928366296
65.8611702484163
65.9424042356967
66.2256462204486
65.0798534926175
63.2057556229593
65.8573771516198
66.708115077315
65.3992433098788
66.2253201966269
66.2256462204486
62.7938184310908
51.4486638164579
64.3361169944625
62.2985678488239
61.761511371503
63.0676775980671
65.0798534926175
62.7938184310908
43.4600635688444
59.6380051423797
61.3656527507301
64.3196461889007
63.8854801958797
63.2057556229593
51.4486638164579
43.4600635688444
50.5681931161389
57.6849620314295
62.7055536280865
64.7261687264764
65.8573771516198
64.3361169944625
59.6380051423797
50.5681931161389
65.8580205258316
63.3820186240091
64.9422928366296
66.708115077315
62.2985678488239
61.3656527507301
57.6849620314295
65.8580205258316
50.6026582383472
44.0092757817482
17.0129233271266
57.2508863022207
58.5352019168605
63.7247719237772
60.1851700422043
50.6026582383472
66.6492479336997
45.1956468353073
66.5125234674634
65.488854881043
64.1143434961854
66.7323297851178
44.0092757817482
66.6492479336997
49.4636191918067
66.6441633066062
65.4934450301647
63.4619288901927
66.5578461637684
17.0129233271266
45.1956468353073
49.4636191918067
61.9152444323131
57.1139378113462
14.1539706809912
30.0941157548128
57.2508863022207
66.5125234674634
66.6441633066062
61.9152444323131
66.5373859748415
65.4689144186692
67.0259544037832
58.5352019168605
65.488854881043
65.4934450301647
57.1139378113462
66.5373859748415
61.4556573562872
65.2609459400809
63.7247719237772
64.1143434961854
63.4619288901927
14.1539706809912
65.4689144186692
61.4556573562872
65.7552038089571
60.1851700422043
66.7323297851178
66.5578461637684
30.0941157548128
67.0259544037832
65.2609459400809
65.7552038089571
67.4403082229954
67.2818496355091
66.9857145554169
61.3161852455515
61.4860347275078
66.014574709223
66.7057801073291
67.4403082229954
67.5258233512848
67.1390140467978
63.0778253822638
60.8043002169901
65.9955162209715
66.6999995485498
67.2818496355091
67.5258233512848
67.1690618134854
64.418342265751
59.9620849654902
66.2456986210943
66.7372569610134
66.9857145554169
67.1390140467978
67.1690618134854
58.4087242091258
59.4071943663005
65.7144356427689
66.3195852741427
61.3161852455515
63.0778253822638
64.418342265751
58.4087242091258
41.5104514083684
60.4372457832807
60.051385048437
61.4860347275078
60.8043002169901
59.9620849654902
59.4071943663005
41.5104514083684
51.2885717187313
58.9671561161775
66.014574709223
65.9955162209715
66.2456986210943
65.7144356427689
60.4372457832807
51.2885717187313
66.5976086004429
66.7057801073291
66.6999995485498
66.7372569610134
66.3195852741427
60.051385048437
58.9671561161775
66.5976086004429
66.2270699591599
66.4573206733167
65.4282842466733
49.0489143314628
65.3548131087826
66.086710396435
64.4958641811967
66.2270699591599
67.1070877093225
65.8674142226881
59.2404173179705
67.013526763586
66.6915569965968
66.2961010272897
66.4573206733167
67.1070877093225
64.8215992945787
56.8033533097263
66.7397652379996
66.0507288694395
65.5456030503595
65.4282842466733
65.8674142226881
64.8215992945787
44.2773313360417
65.5288162640875
66.2565834467528
64.8123213740882
49.0489143314628
59.2404173179705
56.8033533097263
44.2773313360417
49.3496227279935
53.3935161060593
42.0951999218268
65.3548131087826
67.013526763586
66.7397652379996
65.5288162640875
49.3496227279935
66.3520979480295
66.9874139829554
66.086710396435
66.6915569965968
66.0507288694395
66.2565834467528
53.3935161060593
66.3520979480295
66.0417337441583
64.4958641811967
66.2961010272897
65.5456030503595
64.8123213740882
42.0951999218268
66.9874139829554
66.0417337441583
67.3933985649092
67.3775015431854
64.8695777063592
60.2643720842387
64.4040133873898
65.8449262445848
65.8035395267166
67.3933985649092
67.1873037697246
66.2414876163596
61.1101274792784
66.7533524709922
66.4041642064313
65.9140681416328
67.3775015431854
67.1873037697246
66.0622895364743
54.7444699793864
66.846244996
65.8794170691134
65.3883127598709
64.8695777063592
66.2414876163596
66.0622895364743
48.8546285671464
64.007860365848
65.5573213560788
64.8944109073938
60.2643720842387
61.1101274792784
54.7444699793864
48.8546285671464
56.1013655801024
40.3819579662154
29.6352289935486
64.4040133873898
66.7533524709922
66.846244996
64.007860365848
56.1013655801024
65.4422690868436
63.3700541146324
65.8449262445848
66.4041642064313
65.8794170691134
65.5573213560788
40.3819579662154
65.4422690868436
66.2471194443573
65.8035395267166
65.9140681416328
65.3883127598709
64.8944109073938
29.6352289935486
63.3700541146324
66.2471194443573
66.4592202434044
66.6542956066038
66.1570033394284
66.3092916911332
66.6824282473433
65.8644252200201
64.9957641770026
66.4592202434044
65.7986867444361
64.5224905500021
66.3784774798363
66.1291851074841
62.3025101825272
64.7117253816669
