66.6542956066038
65.7986867444361
66.6546891982737
64.7465495813022
66.8750761649877
64.2902371098825
66.7671416071763
66.1570033394284
64.5224905500021
66.6546891982737
63.7046662906362
66.3223982711699
64.9770981969329
65.767308361148
66.3092916911332
66.3784774798363
64.7465495813022
63.7046662906362
65.5537492247611
63.595523182419
59.5670564898081
66.6824282473433
66.1291851074841
66.8750761649877
66.3223982711699
65.5537492247611
63.7653439056269
66.039732979878
65.8644252200201
62.3025101825272
64.2902371098825
64.9770981969329
63.595523182419
63.7653439056269
62.6788767428467
64.9957641770026
64.7117253816669
66.7671416071763
65.767308361148
59.5670564898081
66.039732979878
62.6788767428467
65.3727383393174
64.7950798640194
57.4171628963906
65.9927600410669
65.4683501174385
60.1294541199489
61.463225177953
65.3727383393174
66.581807989514
65.8933780943057
66.4135416822777
66.0018106576361
63.4546384642122
61.1158972272648
64.7950798640194
66.581807989514
65.2206764698668
66.4751957855747
65.2191120827194
61.7075746337444
63.3292313751565
57.4171628963906
65.8933780943057
65.2206764698668
63.0846795493082
66.2808313198988
62.7925110773031
58.7700371358282
65.9927600410669
66.4135416822777
66.4751957855747
63.0846795493082
66.4782544610771
62.8164174893896
62.8597588844228
65.4683501174385
66.0018106576361
65.2191120827194
66.2808313198988
66.4782544610771
63.2993686940905
58.3974471806243
60.1294541199489
63.4546384642122
61.7075746337444
62.7925110773031
62.8164174893896
63.2993686940905
63.6830304594973
61.463225177953
61.1158972272648
63.3292313751565
58.7700371358282
62.8597588844228
58.3974471806243
63.6830304594973
64.1088332773151
61.8246692283928
62.0682738325779
48.0691003517883
63.9641392624826
51.6921456185078
57.4541965344262
64.1088332773151
63.9093545572093
64.347915964272
62.7065874317307
61.8912625141775
62.119424551433
65.126416360194
61.8246692283928
63.9093545572093
64.0393770091111
63.5099674768932
60.0897487110168
61.2457168308844
64.3499353820891
62.0682738325779
64.347915964272
64.0393770091111
60.0923812158479
61.7529011156986
50.2720987304775
63.0928525362528
48.0691003517883
62.7065874317307
63.5099674768932
60.0923812158479
41.145451515978
48.3762681765247
58.7038219519813
63.9641392624826
61.8912625141775
60.0897487110168
61.7529011156986
41.145451515978
57.2394855641818
61.0001086664092
51.6921456185078
62.119424551433
61.2457168308844
50.2720987304775
48.3762681765247
57.2394855641818
64.2317826823286
57.4541965344262
65.126416360194
64.3499353820891
63.0928525362528
58.7038219519813
61.0001086664092
64.2317826823286
67.1767235936603
66.8410585593535
65.6917899721956
65.8536237171441
66.0577713181771
66.4222454646131
64.6072113235379
67.1767235936603
67.1086646081295
66.0576771795765
65.7954848457328
66.6029509915744
66.522042892976
65.3158516007311
66.8410585593535
67.1086646081295
65.7154938142203
65.4875521918484
65.8530205995251
66.0943886147432
63.5746469733401
65.6917899721956
66.0576771795765
65.7154938142203
64.9126360571185
65.6700531271952
65.0370764202249
63.2183311243911
65.8536237171441
65.7954848457328
65.4875521918484
64.9126360571185
66.7219928292072
65.3807811975346
64.7846248434319
66.0577713181771
66.6029509915744
65.8530205995251
65.6700531271952
66.7219928292072
65.8159780610053
63.8892916709423
66.4222454646131
66.522042892976
66.0943886147432
65.0370764202249
65.3807811975346
65.8159780610053
64.3083022249201
64.6072113235379
65.3158516007311
63.5746469733401
63.2183311243911
64.7846248434319
63.8892916709423
64.3083022249201
67.5254838162884
67.2546236401619
66.2371434271175
63.6219271310847
63.878472364449
63.2810000047795
66.0072280256775
67.5254838162884
67.473899059715
66.4702108077948
64.0431962853393
64.5284128115665
64.3382093381925
65.9350107990226
67.2546236401619
67.473899059715
66.4847736834951
62.3255544182583
64.6686047704444
64.1059717555337
65.6937270632228
66.2371434271175
66.4702108077948
66.4847736834951
65.2216038445981
66.4143197117389
61.8056300146022
65.6788515027406
63.6219271310847
64.0431962853393
62.3255544182583
65.2216038445981
64.0640923040294
53.3799006616488
64.664585044411
63.878472364449
64.5284128115665
64.6686047704444
66.4143197117389
64.0640923040294
59.2950380844098
63.8413152652611
63.2810000047795
64.3382093381925
64.1059717555337
61.8056300146022
53.3799006616488
59.2950380844098
64.5212649806541
66.0072280256775
65.9350107990226
65.6937270632228
65.6788515027406
64.664585044411
63.8413152652611
64.5212649806541
61.3091290884577
62.9760484040938
42.6130080408478
60.7785704771591
45.2610280496938
61.1513080454229
53.9999553494208
61.3091290884577
62.5998971815894
45.576500984813
58.5670664126213
58.4590955478377
63.3136175741585
60.6576267136774
62.9760484040938
62.5998971815894
41.706997117141
63.3190906844015
46.3697695081075
62.1380547155561
58.7190954179289
42.6130080408478
45.576500984813
41.706997117141
59.6877595413818
64.5662652829911
35.7820376253527
34.2689303042457
60.7785704771591
58.5670664126213
63.3190906844015
59.6877595413818
61.0479541401237
58.9300830428005
56.2035705480774
45.2610280496938
58.4590955478377
46.3697695081075
64.5662652829911
61.0479541401237
51.3117991529489
48.9785823722144
61.1513080454229
63.3136175741585
62.1380547155561
35.7820376253527
58.9300830428005
51.3117991529489
64.3183399193052
53.9999553494208
60.6576267136774
58.7190954179289
34.2689303042457
56.2035705480774
48.9785823722144
64.3183399193052
67.3024071878882
63.9351068857893
51.5308334359485
65.3879600600056
66.8058600023689
60.0709260575651
66.9432295463103
67.3024071878882
60.0854814980027
30.1263085102017
63.80199660651
66.7018326325624
60.5902649119
66.4100063660303
63.9351068857893
60.0854814980027
48.7462856228786
58.4812189963927
66.2723900110523
44.2378093503159
65.6461821451266
51.5308334359485
30.1263085102017
48.7462856228786
36.6498399510696
46.7357522199204
12.023757898807
47.1159476864476
65.3879600600056
63.80199660651
58.4812189963927
36.6498399510696
64.0588241849765
61.3004498931537
65.7267066459456
66.8058600023689
66.7018326325624
66.2723900110523
46.7357522199204
64.0588241849765
57.0387641860398
67.0253812741329
60.0709260575651
60.5902649119
44.2378093503159
12.023757898807
61.3004498931537
57.0387641860398
62.5702739174351
66.9432295463103
66.4100063660303
65.6461821451266
47.1159476864476
65.7267066459456
67.0253812741329
62.5702739174351
62.2095565378963
64.0021966960395
62.9873993846104
65.8190257055476
65.6424295036263
54.77751740052
60.1654461607227
62.2095565378963
65.7271714404647
60.7496250874982
58.5357785719477
65.816334811518
63.3883617392659
59.1180581689032
64.0021966960395
65.7271714404647
65.8448224536215
66.0944814444663
66.5984438220332
65.2959313186306
65.5095084728123
62.9873993846104
60.7496250874982
65.8448224536215
65.9192805974079
66.2144554973021
65.2429144974909
65.6739264482019
65.8190257055476
58.5357785719477
66.0944814444663
65.9192805974079
66.260505415629
64.1061302038147
65.8589814903137
65.6424295036263
65.816334811518
66.5984438220332
66.2144554973021
66.260505415629
66.4111072620285
66.3465549002633
54.77751740052
63.3883617392659
65.2959313186306
65.2429144974909
64.1061302038147
66.4111072620285
66.7810276445105
60.1654461607227
59.1180581689032
65.5095084728123
65.6739264482019
65.8589814903137
66.3465549002633
66.7810276445105
61.9661620269502
59.5883800013822
60.033187444257
63.8457977176212
64.3737414863589
65.7551218332542
65.7945842942638
61.9661620269502
65.6013500708761
63.2316757025286
57.3906489916774
61.6407303589205
62.9919053924161
63.3642512880189
59.5883800013822
65.6013500708761
63.5868393286776
54.6443010345428
58.8581284187195
62.0403448462909
61.8000561686539
60.033187444257
63.2316757025286
63.5868393286776
46.4327643917533
33.3093946570196
61.3352213554493
61.6221500629811
63.8457977176212
57.3906489916774
54.6443010345428
46.4327643917533
66.3570895212267
64.9974539119779
64.7819587571053
64.3737414863589
61.6407303589205
58.8581284187195
33.3093946570196
66.3570895212267
66.0014606373982
65.7750287603351
65.7551218332542
62.9919053924161
62.0403448462909
61.3352213554493
64.9974539119779
66.0014606373982
66.7267458540772
65.7945842942638
63.3642512880189
61.8000561686539
61.6221500629811
64.7819587571053
65.7750287603351
66.7267458540772
66.0601763356121
65.7765642151912
52.6270429460517
65.3637489352994
64.8242927914791
66.2487050908621
65.8844043981514
66.0601763356121
64.312763275088
32.5707267732656
64.9131692587541
63.5226697745452
65.4625065121901
65.427987419717
65.7765642151912
64.312763275088
29.4348830836533
65.6056893342108
63.958170499706
65.9771569368825
65.0709611436982
52.6270429460517
32.5707267732656
29.4348830836533
34.300878815485
47.5637772382068
35.9877794208661
33.3521524853224
65.3637489352994
64.9131692587541
65.6056893342108
34.300878815485
65.2283604095695
65.1042544772239
66.3481645692974
64.8242927914791
63.5226697745452
63.958170499706
47.5637772382068
65.2283604095695
64.9663767665463
65.0144580991017
66.2487050908621
65.4625065121901
65.9771569368825
35.9877794208661
65.1042544772239
64.9663767665463
66.7940454629481
65.8844043981514
65.427987419717
65.0709611436982
33.3521524853224
66.3481645692974
65.0144580991017
66.7940454629481
60.5425293973235
26.0805206778357
25.5098017185788
61.2603983457997
61.7308928553222
57.3163209741036
55.0014163469586
60.5425293973235
41.0497383117553
31.5091164848571
65.370509051587
63.8221300099863
61.1828021140526
61.2880157281688
26.0805206778357
41.0497383117553
65.1150150707582
59.7038108557459
63.1067140988494
56.8690525588278
64.4556425757248
25.5098017185788
31.5091164848571
65.1150150707582
44.9431217454482
52.9959310312809
46.5525751778897
60.4865877849456
61.2603983457997
65.370509051587
59.7038108557459
44.9431217454482
66.1078059410522
64.8788567453962
65.2475692418665
61.7308928553222
63.8221300099863
63.1067140988494
52.9959310312809
66.1078059410522
65.7810213013073
66.4628759323683
57.3163209741036
61.1828021140526
56.8690525588278
46.5525751778897
64.8788567453962
65.7810213013073
65.9693485045828
55.0014163469586
61.2880157281688
64.4556425757248
60.4865877849456
65.2475692418665
66.4628759323683
65.9693485045828
64.9607418454943
66.7910988823619
65.1304087672993
63.9545085703974
65.8689892787544
66.8977611817383
66.3527787253307
64.9607418454943
66.7480038132135
64.2207526861719
63.8641853404993
65.0480539162227
66.0879354719088
65.4806336215897
66.7910988823619
66.7480038132135
66.6927676145997
62.56868186874
66.9335367817912
66.3173091606491
66.1929474801927
65.1304087672993
64.2207526861719
66.6927676145997
63.449082400174
64.8330443249067
65.852942480273
65.59634568893
63.9545085703974
63.8641853404993
62.56868186874
63.449082400174
60.3625177566638
59.1975813386947
62.5259647969054
65.8689892787544
65.0480539162227
66.9335367817912
64.8330443249067
60.3625177566638
67.3837198580048
65.8343629493013
66.8977611817383
66.0879354719088
66.3173091606491
65.852942480273
59.1975813386947
67.3837198580048
65.2472186499529
66.3527787253307
65.4806336215897
66.1929474801927
65.59634568893
62.5259647969054
65.8343629493013
65.2472186499529
66.827834711778
67.2281721711554
67.2310274184927
63.8984302782401
66.6517461234834
66.6021042569176
66.7939194795397
66.827834711778
66.4014995945759
66.1882708200588
63.9617341062031
66.7286501391513
66.8277684707557
65.5849498424459
67.2281721711554
66.4014995945759
67.2050627492768
64.19189017189
66.6010315231904
66.6965868324749
66.5713794061547
67.2310274184927
66.1882708200588
67.2050627492768
64.8735134095062
66.5959842175369
66.7699805687925
66.7444668347607
63.8984302782401
63.9617341062031
64.19189017189
64.8735134095062
65.6015202163819
65.8406260639902
66.0932234168783
66.6517461234834
66.7286501391513
66.6010315231904
66.5959842175369
65.6015202163819
66.8167595173901
66.88975581167
66.6021042569176
66.8277684707557
66.6965868324749
66.7699805687925
65.8406260639902
66.8167595173901
66.2183291541851
66.7939194795397
65.5849498424459
66.5713794061547
66.7444668347607
66.0932234168783
66.88975581167
66.2183291541851
64.2091503594153
53.659453425661
47.4814934518269
66.2139749705919
65.6304966285671
65.8992373177034
64.8175437144644
64.2091503594153
60.8409226808231
53.7333138622245
64.3513520366104
62.6815003812131
65.4021606006933
65.2398224173054
53.659453425661
60.8409226808231
64.2786642047895
55.7452199154743
40.5827470949531
46.695667478645
65.2025932853546
47.4814934518269
53.7333138622245
64.2786642047895
63.1692311080364
35.8460856615174
61.9195975182115
65.9575563756119
66.2139749705919
64.3513520366104
55.7452199154743
63.1692311080364
66.6113036460541
66.7670945104235
65.6651591409825
65.6304966285671
62.6815003812131
40.5827470949531
35.8460856615174
66.6113036460541
65.6850854568563
62.603564178668
65.8992373177034
65.4021606006933
46.695667478645
61.9195975182115
66.7670945104235
65.6850854568563
66.0868013832244
64.8175437144644
65.2398224173054
65.2025932853546
65.9575563756119
65.6651591409825
62.603564178668
66.0868013832244
65.0118023397144
64.87204989493
64.5789962792986
66.7952642596279
63.4796663411358
66.004932424405
67.0866190218151
65.0118023397144
64.9619626814919
64.6962907656508
66.8811169828524
64.093048915004
66.578903994773
67.3023259032156
64.87204989493
64.9619626814919
64.3312328913077
66.5826105401072
63.8978939159845
65.8063665323484
67.2271634359088
64.5789962792986
64.6962907656508
64.3312328913077
66.4282224885529
63.2568075149415
66.0346080202948
66.7506915668176
66.7952642596279
66.8811169828524
66.5826105401072
66.4282224885529
66.0792147519357
65.1265334903025
66.7612632468143
63.4796663411358
64.093048915004
63.8978939159845
63.2568075149415
66.0792147519357
65.5039795483116
66.1109244268382
66.004932424405
66.578903994773
65.8063665323484
66.0346080202948
65.1265334903025
65.5039795483116
66.3810719078075
67.0866190218151
67.3023259032156
67.2271634359088
66.7506915668176
66.7612632468143
66.1109244268382
66.3810719078075
64.7870402096597
64.6292247464027
64.8269593258469
66.1783349619829
45.5998732875071
66.4695895583569
65.8911588292802
64.7870402096597
64.5592512752046
41.1268272908398
64.4464756956201
29.5887634694233
66.0188240864892
65.4945784710971
64.6292247464027
64.5592512752046
60.9365050479823
64.6265138951612
45.9974156658076
65.5882986254455
66.1413347934351
64.8269593258469
41.1268272908398
60.9365050479823
60.8473594748368
59.4882108237944
64.1376243439714
63.610784030673
66.1783349619829
64.4464756956201
64.6265138951612
60.8473594748368
59.0810532103831
66.6602765130391
65.9269363003908
45.5998732875071
29.5887634694233
45.9974156658076
59.4882108237944
59.0810532103831
35.96241663678
46.2677142632077
66.4695895583569
66.0188240864892
65.5882986254455
64.1376243439714
66.6602765130391
35.96241663678
66.4137466809965
65.8911588292802
65.4945784710971
66.1413347934351
63.610784030673
65.9269363003908
46.2677142632077
66.4137466809965
67.2439212670984
67.5167106098077
66.9522000779835
62.9986999788352
66.9417691665981
66.3378594792764
66.770389701518
67.2439212670984
67.6321425610614
66.9934695991736
65.5766430378906
66.7414987813247
67.191583543219
66.9159582052851
67.5167106098077
67.6321425610614
67.1963955555716
65.9388435582889
66.8090420016027
66.9773374446796
67.1829576996084
66.9522000779835
66.9934695991736
67.1963955555716
64.0496759841169
65.4088589456368
64.8368873909677
66.8671784702675
62.9986999788352
65.5766430378906
65.9388435582889
64.0496759841169
65.8249971521714
65.8870982400369
66.9420509366295
66.9417691665981
66.7414987813247
66.8090420016027
65.4088589456368
65.8249971521714
63.8211922804252
65.4252372678783
66.3378594792764
67.191583543219
66.9773374446796
64.8368873909677
65.8870982400369
63.8211922804252
65.517188829436
66.770389701518
66.9159582052851
67.1829576996084
66.8671784702675
66.9420509366295
65.4252372678783
65.517188829436
