66.3576060084678
66.8368656816068
66.6611404914973
66.9885927537563
64.7966246812193
66.6812562731689
66.3697316626343
66.3791509112918
66.5159380853336
66.6611404914973
66.6909539760088
64.9009433295409
65.7890066433847
66.400868391569
66.4597868646687
66.5720493508675
66.9885927537563
66.6909539760088
65.5204895687702
66.279529626302
65.5373045667384
64.9723908921983
64.5411674862488
64.7966246812193
64.9009433295409
65.5204895687702
64.7873791771436
65.2702482612628
65.6402033868192
66.1332586489158
66.6812562731689
65.7890066433847
66.279529626302
64.7873791771436
66.1685291366894
66.0918648390751
65.4759686767019
66.3697316626343
66.400868391569
65.5373045667384
65.2702482612628
66.1685291366894
64.8206725544578
64.8568110905605
57.3688049824098
63.7558785565437
65.6181190447593
65.1600271975407
63.5391236584612
64.8206725544578
67.0542916961536
65.0828778821679
65.8607040722119
66.95165490642
65.9853121556998
66.2255556924302
64.8568110905605
67.0542916961536
65.1410225222236
65.8494608220429
67.0310972937691
66.1263737504385
66.1837336018655
57.3688049824098
65.0828778821679
65.1410225222236
62.2067837607387
65.2425018640288
61.8345938093308
60.1194362669239
63.7558785565437
65.8607040722119
65.8494608220429
62.2067837607387
66.1958228367081
65.7113567120576
64.8685970351542
65.6181190447593
66.95165490642
67.0310972937691
65.2425018640288
66.1958228367081
66.4567400668048
66.0897491911328
65.1600271975407
65.9853121556998
66.1263737504385
61.8345938093308
65.7113567120576
66.4567400668048
65.8574680899549
63.5391236584612
66.2255556924302
66.1837336018655
60.1194362669239
64.8685970351542
66.0897491911328
65.8574680899549
66.1592734258271
67.0221100986066
65.9691792407503
66.0430678891106
63.7364609768236
65.8220415746745
67.1652493162351
66.1592734258271
66.5736133089539
65.3542633056919
62.8064263322629
56.8111447095479
65.9190552516169
66.1361289231039
67.0221100986066
66.5736133089539
66.1569630478821
65.7762571332628
63.1279597543891
66.5117209503076
66.5191110952946
65.9691792407503
65.3542633056919
66.1569630478821
65.7842773251052
53.9725531518443
63.7042466633953
65.5361964113415
66.0430678891106
62.8064263322629
65.7762571332628
65.7842773251052
60.2117080662753
61.7818966592715
65.4327124247427
63.7364609768236
56.8111447095479
63.1279597543891
53.9725531518443
60.2117080662753
57.1479437057738
65.1697555321225
65.8220415746745
65.9190552516169
66.5117209503076
63.7042466633953
61.7818966592715
57.1479437057738
65.9675014190049
67.1652493162351
66.1361289231039
66.5191110952946
65.5361964113415
65.4327124247427
65.1697555321225
65.9675014190049
66.5009019595579
65.2642317702346
61.5679906404318
66.5831800373014
54.2564787033162
65.3273525487024
64.8045715603308
66.5009019595579
66.2149030609839
62.0419272266332
65.3041068312278
61.6919665560998
60.7340763618804
64.0371413203578
65.2642317702346
66.2149030609839
61.913421393486
62.4222235818192
64.8170506620779
61.9326563729185
61.3851237672098
61.5679906404318
62.0419272266332
61.913421393486
49.1703320928505
61.344424219847
41.1429963331738
52.5395629035977
66.5831800373014
65.3041068312278
62.4222235818192
49.1703320928505
60.5551779196551
65.8490502764391
65.439263241079
54.2564787033162
61.6919665560998
64.8170506620779
61.344424219847
60.5551779196551
56.8472075232023
61.7775664544551
65.3273525487024
60.7340763618804
61.9326563729185
41.1429963331738
65.8490502764391
56.8472075232023
66.5117365240678
64.8045715603308
64.0371413203578
61.3851237672098
52.5395629035977
65.439263241079
61.7775664544551
66.5117365240678
66.3394064706378
46.4069746580634
65.0796588197191
64.0819870393277
63.3583475282631
65.913756465079
64.4602055456592
66.3394064706378
63.5025803064188
64.9973890451867
64.3002366475187
63.6910555606762
65.8244755066402
63.8988635886013
46.4069746580634
63.5025803064188
14.2652757347633
57.0356816522457
50.3964201015882
35.8749231095801
12.5847387622881
65.0796588197191
64.9973890451867
14.2652757347633
63.515118458225
62.1921595889423
65.2853991946092
64.0210316601409
64.0819870393277
64.3002366475187
57.0356816522457
63.515118458225
64.4429342511174
65.7346727464788
64.0887918461876
63.3583475282631
63.6910555606762
50.3964201015882
62.1921595889423
64.4429342511174
65.556803981611
62.1932380114061
65.913756465079
65.8244755066402
35.8749231095801
65.2853991946092
65.7346727464788
65.556803981611
66.0107370353508
64.4602055456592
63.8988635886013
12.5847387622881
64.0210316601409
64.0887918461876
62.1932380114061
66.0107370353508
67.2213944771014
66.2162288648776
66.0869233586694
62.2009878174693
59.2667102829833
62.8014540776186
63.7241176062952
67.2213944771014
66.8660922212
66.7931873261822
62.5150261110173
65.2403923351243
65.5844038577146
65.6168116696449
66.2162288648776
66.8660922212
66.7462312001827
64.0624962530961
66.3205909823616
66.7417076036262
65.3570042440137
66.0869233586694
66.7931873261822
66.7462312001827
56.6322993487358
65.7113317061791
65.1962669843261
64.9406307765922
62.2009878174693
62.5150261110173
64.0624962530961
56.6322993487358
56.9037602661675
61.9235958676408
58.2441660659235
59.2667102829833
65.2403923351243
66.3205909823616
65.7113317061791
56.9037602661675
66.9869073404049
65.4932451126518
62.8014540776186
65.5844038577146
66.7417076036262
65.1962669843261
61.9235958676408
66.9869073404049
64.0862607138676
63.7241176062952
65.6168116696449
65.3570042440137
64.9406307765922
58.2441660659235
65.4932451126518
64.0862607138676
66.5047796199053
66.3286145224638
65.4305763584114
65.9391814968992
66.3305151863659
64.8498335432171
65.5421356664961
66.5047796199053
66.7417712498839
65.5228390341669
66.5459998720503
66.9649755384565
64.5503532702644
65.7619189272873
66.3286145224638
66.7417712498839
62.2849486427087
65.3375882515725
66.2046655358619
59.5722307446784
63.6760979752099
65.4305763584114
65.5228390341669
62.2849486427087
65.1810325548312
64.1042952256499
66.1682143098169
54.7823611359239
65.9391814968992
66.5459998720503
65.3375882515725
65.1810325548312
65.2173360381982
65.9207177176776
63.4120038299668
66.3305151863659
66.9649755384565
66.2046655358619
64.1042952256499
65.2173360381982
64.7540811234198
65.9955354577942
64.8498335432171
64.5503532702644
59.5722307446784
66.1682143098169
65.9207177176776
64.7540811234198
57.8513635896219
65.5421356664961
65.7619189272873
63.6760979752099
54.7823611359239
63.4120038299668
65.9955354577942
57.8513635896219
66.3386306179739
66.8449824715767
66.5697597200651
61.3157590521646
56.9903661292731
64.9638112811733
65.0732976451815
66.3386306179739
66.9551386731786
67.0998263622807
64.0491206108095
63.7321354180864
66.8858505172398
66.6858941326879
66.8449824715767
66.9551386731786
67.4145772808163
64.2918220954179
60.6853589558808
66.4275795250886
66.5092535355495
66.5697597200651
67.0998263622807
67.4145772808163
62.3543771460014
62.1923702326499
66.0761574406262
66.1174088151032
61.3157590521646
64.0491206108095
64.2918220954179
62.3543771460014
49.3149226352997
64.8763319437529
65.7056199877577
56.9903661292731
63.7321354180864
60.6853589558808
62.1923702326499
49.3149226352997
60.8227302465235
64.1193552253368
64.9638112811733
66.8858505172398
66.4275795250886
66.0761574406262
64.8763319437529
60.8227302465235
66.9761355724715
65.0732976451815
66.6858941326879
66.5092535355495
66.1174088151032
65.7056199877577
64.1193552253368
66.9761355724715
66.9488502190186
65.6248576303457
61.9398321416799
62.5323979630223
65.4296088976868
53.5365596086753
62.0905928372041
66.9488502190186
66.3537644509203
64.8647834896449
64.5258379255835
65.8346470839558
60.9716809665812
62.7642988647807
65.6248576303457
66.3537644509203
65.3889274741246
65.6337580776323
66.0527657122945
63.5514785136342
64.9702034869256
61.9398321416799
64.8647834896449
65.3889274741246
64.6572906345627
65.1478579071783
63.2003692327998
60.9368566236324
62.5323979630223
64.5258379255835
65.6337580776323
64.6572906345627
64.3140072222142
63.2121039284563
64.4314496522058
65.4296088976868
65.8346470839558
66.0527657122945
65.1478579071783
64.3140072222142
64.0365800895594
64.716882254856
53.5365596086753
60.9716809665812
63.5514785136342
63.2003692327998
63.2121039284563
64.0365800895594
61.7661773652043
62.0905928372041
62.7642988647807
64.9702034869256
60.9368566236324
64.4314496522058
64.716882254856
61.7661773652043
66.5100959234069
66.1019649088741
65.4289900216902
65.3134617829593
54.1053975502059
65.2980593408393
65.2412965356571
66.5100959234069
67.0793301427191
66.5147924101153
66.4126245256019
62.9409718327882
64.0204020300112
65.7012099277341
66.1019649088741
67.0793301427191
66.3532671190227
65.9789239542319
60.0413163329522
62.4648830610774
65.7125921461198
65.4289900216902
66.5147924101153
66.3532671190227
66.5089108317089
61.9879683996165
61.9621803514369
65.7303802234569
65.3134617829593
66.4126245256019
65.9789239542319
66.5089108317089
60.7054300105042
64.4037262951805
66.0407897962546
54.1053975502059
62.9409718327882
60.0413163329522
61.9879683996165
60.7054300105042
31.5605350577317
57.6843338814073
65.2980593408393
64.0204020300112
62.4648830610774
61.9621803514369
64.4037262951805
31.5605350577317
63.8222322010219
65.2412965356571
65.7012099277341
65.7125921461198
65.7303802234569
66.0407897962546
57.6843338814073
63.8222322010219
66.8269590835611
66.7503841289294
65.2445224036468
62.6795054320889
63.8076342786396
66.8460345922793
64.388706432433
66.8269590835611
66.9554323166116
65.5013676765756
64.74902486875
61.6363495618287
66.0982329016732
64.0467836109898
66.7503841289294
66.9554323166116
64.2991399514237
64.0099579171657
60.0348509349447
66.639948546522
62.3355076797627
65.2445224036468
65.5013676765756
64.2991399514237
60.497118451102
61.7750419966459
65.1032306797644
64.4638228101051
62.6795054320889
64.74902486875
64.0099579171657
60.497118451102
56.5075523780976
61.4155137390309
61.3173228021445
63.8076342786396
61.6363495618287
60.0348509349447
61.7750419966459
56.5075523780976
65.0783611613312
64.5449067384656
66.8460345922793
66.0982329016732
66.639948546522
65.1032306797644
61.4155137390309
65.0783611613312
65.503013514013
64.388706432433
64.0467836109898
62.3355076797627
64.4638228101051
61.3173228021445
64.5449067384656
65.503013514013
65.9541448129157
56.5035516028726
61.9969807879241
64.3066924654144
64.2573662235287
53.1942415478656
64.2471465612748
65.9541448129157
62.9564721312866
61.2754059994955
65.0914523761583
65.2147928334425
60.0860017672739
64.8049247012187
56.5035516028726
62.9564721312866
36.2940941909406
65.2435017639671
64.4023572345511
64.4913112151649
62.7794240481081
61.9969807879241
61.2754059994955
36.2940941909406
51.7077539319216
53.1594461080218
32.0212195000809
56.1810556369253
64.3066924654144
65.0914523761583
65.2435017639671
51.7077539319216
66.1802839107035
62.2500311844004
64.5429866943837
64.2573662235287
65.2147928334425
64.4023572345511
53.1594461080218
66.1802839107035
58.5990420149141
64.5806302054016
53.1942415478656
60.0860017672739
64.4913112151649
32.0212195000809
62.2500311844004
58.5990420149141
62.5531576475423
64.2471465612748
64.8049247012187
62.7794240481081
56.1810556369253
64.5429866943837
64.5806302054016
62.5531576475423
66.6584452785491
65.0255451982952
57.8054007589737
62.8630653050332
65.1454811308206
64.1214990459174
63.2286509117225
66.6584452785491
66.8467010651484
63.6998963807503
64.061488916658
64.2295305214017
63.9856734054369
60.6686912203766
65.0255451982952
66.8467010651484
65.9249502742901
65.9171154509049
64.8038317517076
65.897444525744
50.4356498834424
57.8054007589737
63.6998963807503
65.9249502742901
58.8930530096601
45.7448327825604
45.9872861847288
10.0245510059654
62.8630653050332
64.061488916658
65.9171154509049
58.8930530096601
64.0638433707285
63.994973672913
60.477524904044
65.1454811308206
64.2295305214017
64.8038317517076
45.7448327825604
64.0638433707285
63.7679079208196
63.030547800845
64.1214990459174
63.9856734054369
65.897444525744
45.9872861847288
63.994973672913
63.7679079208196
62.7474798713262
63.2286509117225
60.6686912203766
50.4356498834424
10.0245510059654
60.477524904044
63.030547800845
62.7474798713262
65.3576549892418
66.6810047190667
62.4483143539092
61.5304103754834
66.3739522009746
66.0240264126492
65.1212800932762
65.3576549892418
65.3628335054132
65.18154636512
58.4730784997232
64.8278980138958
65.7363533524831
62.3302548054257
66.6810047190667
65.3628335054132
63.6104546690834
65.1971011585553
66.7988872000441
66.5228781608257
66.2039558738172
62.4483143539092
65.18154636512
63.6104546690834
58.7372741349634
64.9183893895848
66.1262666624152
64.6028539094472
61.5304103754834
58.4730784997232
65.1971011585553
58.7372741349634
64.7478093868061
64.5281657827914
65.7546791068091
66.3739522009746
64.8278980138958
66.7988872000441
64.9183893895848
64.7478093868061
66.5139863621909
66.0468467257062
66.0240264126492
65.7363533524831
66.5228781608257
66.1262666624152
64.5281657827914
66.5139863621909
66.9928177990543
65.1212800932762
62.3302548054257
66.2039558738172
64.6028539094472
65.7546791068091
66.0468467257062
66.9928177990543
62.9439758955595
64.0561999201929
62.1100238057445
62.0490313708787
44.1107537466987
64.0073745633276
62.793008207058
62.9439758955595
57.5902846629821
51.2269651630841
65.1159027479437
59.7750691989195
65.2692313593167
57.8223999191654
64.0561999201929
57.5902846629821
38.6249429617599
58.8018002923359
52.8119177593899
61.0059313504502
64.3610174713014
62.1100238057445
51.2269651630841
38.6249429617599
51.1472701142701
33.4979455747285
49.7521669480141
51.8780877463516
62.0490313708787
65.1159027479437
58.8018002923359
51.1472701142701
62.5626558655497
65.6060565588731
59.2990005917199
44.1107537466987
59.7750691989195
52.8119177593899
33.4979455747285
62.5626558655497
65.7490786830748
44.576434938402
64.0073745633276
65.2692313593167
61.0059313504502
49.7521669480141
65.6060565588731
65.7490786830748
61.9410650374215
62.793008207058
57.8223999191654
64.3610174713014
51.8780877463516
59.2990005917199
44.576434938402
61.9410650374215
66.9363323963828
67.0072605179526
64.9038508655661
63.9262699150528
64.5080410554758
64.0914138767537
51.8892526296736
66.9363323963828
67.2270575486277
65.8399412893185
63.1609015719429
65.2493074343093
63.5934875721346
55.7739497936086
67.0072605179526
67.2270575486277
65.7382468144555
64.1115314255127
65.2339320965789
65.4581073235212
57.6409564200343
64.9038508655661
65.8399412893185
65.7382468144555
55.0234441143212
64.4572756321407
63.6127401965558
59.9937956245541
63.9262699150528
63.1609015719429
64.1115314255127
55.0234441143212
42.4750684870148
35.8848302157516
28.437777797592
64.5080410554758
65.2493074343093
65.2339320965789
64.4572756321407
42.4750684870148
60.8747118361395
64.172463127775
64.0914138767537
63.5934875721346
65.4581073235212
63.6127401965558
35.8848302157516
60.8747118361395
60.3467471735316
51.8892526296736
55.7739497936086
57.6409564200343
59.9937956245541
28.437777797592
64.172463127775
60.3467471735316
64.8237604054938
63.8337986098149
64.5941016980393
63.7235901178902
65.9318733875289
66.8992517697308
64.8642451158859
64.8237604054938
61.9359045965462
55.1592894771581
64.5531726013521
65.2163105843394
64.4142326503982
63.716045425155
63.8337986098149
61.9359045965462
64.3017026412629
62.2901449259729
64.4428883844504
66.6773513032934
62.5643064920686
64.5941016980393
55.1592894771581
64.3017026412629
52.623482878848
64.1124196909942
66.6168148910559
64.1317714503274
63.7235901178902
64.5531726013521
62.2901449259729
52.623482878848
66.5632305490538
62.9819837005137
64.2876369763021
65.9318733875289
65.2163105843394
64.4428883844504
64.1124196909942
66.5632305490538
66.2246141945615
65.2760779786334
66.8992517697308
64.4142326503982
66.6773513032934
66.6168148910559
62.9819837005137
66.2246141945615
66.5178230132669
64.8642451158859
63.716045425155
62.5643064920686
64.1317714503274
64.2876369763021
65.2760779786334
66.5178230132669
