62.9270404923055
63.8501239048965
61.9804702943716
60.2352864248583
38.3732116805927
64.4762277800388
66.1355161601674
62.8986738629876
64.1140117517756
62.7245092047414
64.3049142156487
39.9058710375756
64.4762277800388
66.1303503705462
66.1462763739415
66.0673234719937
65.1784981730729
64.0314933182536
42.8974142105431
66.1355161601674
66.1303503705462
67.2808735439243
66.5030913983538
66.4752862330227
57.1325412084345
66.1640708165903
49.1266947813046
60.248020113483
67.2808735439243
67.2675606540966
66.843152969125
63.2605291375138
66.8338600979028
62.4259153547544
62.0574814881548
66.5030913983538
67.2675606540966
66.9712308633709
64.6233930509945
66.025973697235
65.2789544121795
64.7724259237628
66.4752862330227
66.843152969125
66.9712308633709
63.127277694703
65.6694895974831
63.039847350764
62.7773761839351
57.1325412084345
63.2605291375138
64.6233930509945
63.127277694703
64.5076960739403
61.0334125956091
59.5184596493872
66.1640708165903
66.8338600979028
66.025973697235
65.6694895974831
64.5076960739403
63.3147930050634
64.2375884763017
49.1266947813046
62.4259153547544
65.2789544121795
63.039847350764
61.0334125956091
63.3147930050634
66.0176377412772
60.248020113483
62.0574814881548
64.7724259237628
62.7773761839351
59.5184596493872
64.2375884763017
66.0176377412772
65.7836044461534
66.6899358113709
66.0117521976666
65.5992362489994
66.9408844472219
66.7421649169409
65.967694187607
65.7836044461534
66.9926821775776
66.1206666604282
64.5346979814842
66.7261435907667
66.8849468409218
66.18077652777
66.6899358113709
66.9926821775776
66.5563520084194
66.2841531316421
66.9158540100136
66.9068165046364
65.884320366018
66.0117521976666
66.1206666604282
66.5563520084194
65.1624477722104
66.0279013771809
65.8900148889207
64.8079240221403
65.5992362489994
64.5346979814842
66.2841531316421
65.1624477722104
66.5848394985235
66.6184839721472
66.211458779861
66.9408844472219
66.7261435907667
66.9158540100136
66.0279013771809
66.5848394985235
67.306049829969
66.7997084785158
66.7421649169409
66.8849468409218
66.9068165046364
65.8900148889207
66.6184839721472
67.306049829969
66.5958545711976
65.967694187607
66.18077652777
65.884320366018
64.8079240221403
66.211458779861
66.7997084785158
66.5958545711976
65.9591413640066
65.0473947821746
54.7017373951359
52.7720444670356
65.0931285173396
64.8443747996322
64.901357960814
65.9591413640066
60.3769732339451
62.4355443215141
66.5136519391008
63.7780271435654
66.9168834026676
66.6717313282523
65.0473947821746
60.3769732339451
22.3294869563573
25.707886850466
51.0223330504108
47.1224301895499
44.0264687644187
54.7017373951359
62.4355443215141
22.3294869563573
58.4329102363722
65.6937327777783
64.4365583693053
66.3637674398319
52.7720444670356
66.5136519391008
25.707886850466
58.4329102363722
36.5538403279824
66.5975859251634
66.3890586282833
65.0931285173396
63.7780271435654
51.0223330504108
65.6937327777783
36.5538403279824
62.9313105675095
64.7672212861589
64.8443747996322
66.9168834026676
47.1224301895499
64.4365583693053
66.5975859251634
62.9313105675095
67.0507608258839
64.901357960814
66.6717313282523
44.0264687644187
66.3637674398319
66.3890586282833
64.7672212861589
67.0507608258839
66.9226035490787
63.8885258704766
45.2472853937684
63.5514458502319
66.3127070325242
65.7970573796918
65.7493765275609
66.9226035490787
65.8093980883979
56.2956880561306
65.1270879443335
66.1140209556652
65.6960027653139
66.0097849024015
63.8885258704766
65.8093980883979
64.9059211846906
65.9195811473317
65.562098331534
65.3850518418986
64.9369953642383
45.2472853937684
56.2956880561306
64.9059211846906
48.4148177330208
57.9107809637615
40.6038351408213
47.2764655085495
63.5514458502319
65.1270879443335
65.9195811473317
48.4148177330208
66.1680357554984
65.6536241065483
65.8785190886716
66.3127070325242
66.1140209556652
65.562098331534
57.9107809637615
66.1680357554984
66.7776840445837
66.9240250632097
65.7970573796918
65.6960027653139
65.3850518418986
40.6038351408213
65.6536241065483
66.7776840445837
67.2356297075419
65.7493765275609
66.0097849024015
64.9369953642383
47.2764655085495
65.8785190886716
66.9240250632097
67.2356297075419
67.0654282547438
64.8225081710336
65.3627282633187
54.0432188606279
63.1537984843187
66.6308846095414
64.9043091410026
67.0654282547438
67.2863142372952
63.9992575752817
42.0196537170301
63.6619397721247
66.5690291072556
66.7646576081773
64.8225081710336
67.2863142372952
63.8157027085628
36.4242117392876
62.3572124698971
66.4958186771196
64.7005386762468
65.3627282633187
63.9992575752817
63.8157027085628
49.8300925819957
64.281500634402
63.9641602822663
64.8422967657267
54.0432188606279
42.0196537170301
36.4242117392876
49.8300925819957
65.8046628862209
48.1752610254745
55.6525258074333
63.1537984843187
63.6619397721247
62.3572124698971
64.281500634402
65.8046628862209
65.5646901380404
64.868196611108
66.6308846095414
66.5690291072556
66.4958186771196
63.9641602822663
48.1752610254745
65.5646901380404
67.4303908294186
64.9043091410026
66.7646576081773
64.7005386762468
64.8422967657267
55.6525258074333
64.868196611108
67.4303908294186
61.1249967571577
63.309491550944
25.0177394098374
34.816896812806
33.6523137472616
29.7694162860902
28.386496887225
61.1249967571577
66.8603885755231
48.3402314268812
52.3744896175538
61.8578050079211
63.4389794520084
61.8736517800559
63.309491550944
66.8603885755231
39.6220118660992
48.7453405018264
56.3298798906751
64.1822054650728
63.8967502157524
25.0177394098374
48.3402314268812
39.6220118660992
48.5877319139544
58.672914921832
26.8170916304741
28.0347044944869
34.816896812806
52.3744896175538
48.7453405018264
48.5877319139544
45.9842706075047
20.4993151156911
17.3331967189625
33.6523137472616
61.8578050079211
56.3298798906751
58.672914921832
45.9842706075047
39.8910959050081
48.6967955258462
29.7694162860902
63.4389794520084
64.1822054650728
26.8170916304741
20.4993151156911
39.8910959050081
65.3761346775497
28.386496887225
61.8736517800559
63.8967502157524
28.0347044944869
17.3331967189625
48.6967955258462
65.3761346775497
66.0420904713287
66.101382440229
60.355045195212
64.1621804784098
56.1727794793042
41.2877246302033
53.9982652962986
66.0420904713287
66.3926406977711
59.0654655327531
63.2423502378263
61.3892377248224
35.1388571405874
58.6550870245913
66.101382440229
66.3926406977711
58.4821450804574
64.0282918597994
58.3037815748674
42.5035541376767
57.0468295359874
60.355045195212
59.0654655327531
58.4821450804574
62.1515356035293
65.2686505903392
43.2087861415215
64.4901036907518
64.1621804784098
63.2423502378263
64.0282918597994
62.1515356035293
58.6055756886564
56.9652896409999
62.464549879347
56.1727794793042
61.3892377248224
58.3037815748674
65.2686505903392
58.6055756886564
55.0741722542308
64.9385553422312
41.2877246302033
35.1388571405874
42.5035541376767
43.2087861415215
56.9652896409999
55.0741722542308
53.6521871425855
53.9982652962986
58.6550870245913
57.0468295359874
64.4901036907518
62.464549879347
64.9385553422312
53.6521871425855
63.8434350301541
67.1138116693336
66.0485680114915
66.7465250384276
66.8119321925324
66.1501806847917
66.8417484916902
63.8434350301541
65.3318757949704
64.3613591256675
65.1194194536061
63.809308477918
62.2998318146912
64.0218130515506
67.1138116693336
65.3318757949704
66.0206110949445
66.9889913813069
66.8090376548374
66.3477704207691
67.0368470794352
66.0485680114915
64.3613591256675
66.0206110949445
66.5715449881862
66.2290318742427
66.4160069270943
66.8461623906767
66.7465250384276
65.1194194536061
66.9889913813069
66.5715449881862
67.2891018908089
66.4206750292948
67.052992408388
66.8119321925324
63.809308477918
66.8090376548374
66.2290318742427
67.2891018908089
66.2540675425535
66.925069325291
66.1501806847917
62.2998318146912
66.3477704207691
66.4160069270943
66.4206750292948
66.2540675425535
66.9975129765501
66.8417484916902
64.0218130515506
67.0368470794352
66.8461623906767
67.052992408388
66.925069325291
66.9975129765501
67.1577336204296
67.3459612946019
58.7867888953093
10.2131779726063
44.6226644996936
64.8625772375327
63.823253829596
67.1577336204296
66.5779609741468
64.0355366183364
39.5513869083228
38.2030287081272
64.0305476598828
65.3006044354471
67.3459612946019
66.5779609741468
62.6563850979765
8.37481405862615
32.7825930610115
57.1717883518508
63.9560417639961
58.7867888953093
64.0355366183364
62.6563850979765
52.8135279760923
35.6157900814247
46.8661634179664
64.7980202020861
10.2131779726063
39.5513869083228
8.37481405862615
52.8135279760923
54.570834878149
42.8916575867427
40.8864153103028
44.6226644996936
38.2030287081272
32.7825930610115
35.6157900814247
54.570834878149
64.9655193227145
39.2101092504999
64.8625772375327
64.0305476598828
57.1717883518508
46.8661634179664
42.8916575867427
64.9655193227145
58.9673820880703
63.823253829596
65.3006044354471
63.9560417639961
64.7980202020861
40.8864153103028
39.2101092504999
58.9673820880703
65.5337579952369
65.2760372287434
61.7504712960778
59.1328940235919
64.1617658909258
62.8448394060292
64.8476067696271
65.5337579952369
65.4788917576054
62.3346164171847
62.0716909588854
65.9297129599928
64.1231525783313
65.5578030313249
65.2760372287434
65.4788917576054
58.4148839291662
49.823125253933
63.6743226347865
63.5933497739795
64.4642941392182
61.7504712960778
62.3346164171847
58.4148839291662
60.1276916479661
64.0749547189914
62.0135135279981
65.7457082867009
59.1328940235919
62.0716909588854
49.823125253933
60.1276916479661
63.5649057273085
59.1608412204691
63.4860284913449
64.1617658909258
65.9297129599928
63.6743226347865
64.0749547189914
63.5649057273085
64.4298949662509
66.5468147848457
62.8448394060292
64.1231525783313
63.5933497739795
62.0135135279981
59.1608412204691
64.4298949662509
64.9290728072333
64.8476067696271
65.5578030313249
64.4642941392182
65.7457082867009
63.4860284913449
66.5468147848457
64.9290728072333
66.1378375077395
65.4191450925873
65.5483746625086
62.898352147027
62.7988024808696
62.0735540130708
65.8638891027159
66.1378375077395
66.730655206254
65.8775575263851
65.2735855180991
63.7091550944149
58.079101906779
65.1145987790478
65.4191450925873
66.730655206254
65.8051052036226
65.8976714832039
61.8973555697379
56.4942023849548
65.1306738193313
65.5483746625086
65.8775575263851
65.8051052036226
64.912471313869
65.1475931532465
57.6266922423374
65.5425626925707
62.898352147027
65.2735855180991
65.8976714832039
64.912471313869
60.8593624611648
44.8280679428387
63.1200489045562
62.7988024808696
63.7091550944149
61.8973555697379
65.1475931532465
60.8593624611648
60.028627961953
64.8488514790798
62.0735540130708
58.079101906779
56.4942023849548
57.6266922423374
44.8280679428387
60.028627961953
63.1080196566958
65.8638891027159
65.1145987790478
65.1306738193313
65.5425626925707
63.1200489045562
64.8488514790798
63.1080196566958
66.2536422821321
66.2759285173886
64.1903035774564
65.7388257129605
62.9912550637235
66.0831423423977
66.2922783422465
66.2536422821321
65.8401297381765
44.0292299388254
64.9713787407969
63.2384354077446
65.0289301499761
66.218495411797
66.2759285173886
65.8401297381765
59.3525003152888
66.0795365654589
61.89161426979
64.4757702313551
66.6619791452829
64.1903035774564
44.0292299388254
59.3525003152888
63.0356885907749
52.1280296057189
61.6244460755469
59.7419328421711
65.7388257129605
64.9713787407969
66.0795365654589
63.0356885907749
65.6401543749393
66.132345545344
65.8357425320163
62.9912550637235
63.2384354077446
61.89161426979
52.1280296057189
65.6401543749393
58.5007079122333
64.4336509293997
66.0831423423977
65.0289301499761
64.4757702313551
61.6244460755469
66.132345545344
58.5007079122333
66.4826456958631
66.2922783422465
66.218495411797
66.6619791452829
59.7419328421711
65.8357425320163
64.4336509293997
66.4826456958631
62.6050425547478
66.1904754630781
64.2856888738981
60.8155701231047
63.3183245857407
60.8155701231047
60.3027859278576
62.6050425547478
63.6162546949239
65.4413954958006
62.0084966282775
66.7661532701562
62.0084966282775
63.8421695231038
66.1904754630781
63.6162546949239
64.8264188334855
64.0884016063213
64.9020825839811
64.0884016063213
63.7237801947011
64.2856888738981
65.4413954958006
64.8264188334855
65.9034525440231
66.8223074392368
65.9034525440231
65.8393038599867
60.8155701231047
62.0084966282775
64.0884016063213
65.9034525440231
65.9795265713105
100
66.8156247068106
63.3183245857407
66.7661532701562
64.9020825839811
66.8223074392368
65.9795265713105
65.9795265713105
65.4690603050504
60.8155701231047
62.0084966282775
64.0884016063213
65.9034525440231
100
65.9795265713105
66.8156247068106
60.3027859278576
63.8421695231038
63.7237801947011
65.8393038599867
66.8156247068106
65.4690603050504
66.8156247068106
66.2318598656891
66.3978382526766
65.2760279532107
65.4966710692187
64.2007033936923
65.4163314284627
65.6724202652731
66.2318598656891
66.2679783069474
64.4898430385257
65.7616625180144
60.7146003361699
64.4451451527471
64.6890672259152
66.3978382526766
66.2679783069474
66.0830058342682
65.2781733454575
62.4449686941533
65.8078401068946
65.0200707847375
65.2760279532107
64.4898430385257
66.0830058342682
63.5740203846898
51.525948291849
63.7574048130957
62.6017405072039
65.4966710692187
65.7616625180144
65.2781733454575
63.5740203846898
59.3175777570559
65.6745604686795
64.6698069794229
64.2007033936923
60.7146003361699
62.4449686941533
51.525948291849
59.3175777570559
62.6237692035297
64.9686197906152
65.4163314284627
64.4451451527471
65.8078401068946
63.7574048130957
65.6745604686795
62.6237692035297
65.3363160108899
65.6724202652731
64.6890672259152
65.0200707847375
62.6017405072039
64.6698069794229
64.9686197906152
65.3363160108899
65.4761327844943
64.2650610994333
60.1636906364986
36.7466674713589
63.7233681249758
62.5930815991612
63.700653978081
65.4761327844943
67.1239712172249
66.1988317224607
52.3302007955015
66.327406492936
65.3597203452279
65.8441300853219
64.2650610994333
67.1239712172249
66.3319392223287
58.4487686758427
66.4783899909714
65.9367986948626
65.9436673863808
60.1636906364986
66.1988317224607
66.3319392223287
65.5978304717757
66.8095878624727
66.2361445536871
66.6184500836013
36.7466674713589
52.3302007955015
58.4487686758427
65.5978304717757
63.7686581660793
56.9876655037755
62.2645379729054
63.7233681249758
66.327406492936
66.4783899909714
66.8095878624727
63.7686581660793
66.6623506315647
66.6276435525444
62.5930815991612
65.3597203452279
65.9367986948626
66.2361445536871
56.9876655037755
66.6623506315647
66.7611141647955
63.700653978081
65.8441300853219
65.9436673863808
66.6184500836013
62.2645379729054
66.6276435525444
66.7611141647955
67.0168781180397
67.0473191550737
66.267692484705
63.0939132999744
66.0475727760599
58.5420036131872
64.9160028011193
67.0168781180397
67.2328695222493
66.9429366400519
63.907743999061
67.0354570011669
60.992733536908
65.5867899609791
67.0473191550737
67.2328695222493
66.895641248388
64.5798276032557
66.7406975683252
63.6892834646627
66.1017997919925
66.267692484705
66.9429366400519
66.895641248388
63.7500505013777
66.6237707744734
60.4763166920698
65.3969391244721
63.0939132999744
63.907743999061
64.5798276032557
63.7500505013777
63.5779875481069
57.9241092975593
63.4595919758205
66.0475727760599
67.0354570011669
66.7406975683252
66.6237707744734
63.5779875481069
54.0352430879124
65.1643561746829
58.5420036131872
60.992733536908
63.6892834646627
60.4763166920698
57.9241092975593
54.0352430879124
65.9166412818368
64.9160028011193
65.5867899609791
66.1017997919925
65.3969391244721
63.4595919758205
65.1643561746829
65.9166412818368
67.4368911795583
66.3576060084678
66.3791509112918
66.4597868646687
64.9723908921983
65.6402033868192
66.0918648390751
67.4368911795583
66.8368656816068
66.5159380853336
66.5720493508675
64.5411674862488
66.1332586489158
65.4759686767019
