66.4618912166492
67.0827289582656
25.9685129091432
62.7245041101157
44.0405209159845
34.2778133204316
37.3258505353267
66.4618912166492
66.5982481369151
41.9224961041594
60.3744008197833
54.335244707468
39.1317824585958
40.8727935872905
67.0827289582656
66.5982481369151
40.2306091858692
61.3187857439576
60.7521727119139
48.7423842274561
56.7997477836037
25.9685129091432
41.9224961041594
40.2306091858692
26.0776722393795
64.649615303636
64.7391444065721
64.3258042091931
62.7245041101157
60.3744008197833
61.3187857439576
26.0776722393795
40.9685834204812
21.0197791363869
29.6337912043899
44.0405209159845
54.335244707468
60.7521727119139
64.649615303636
40.9685834204812
65.1134968712728
66.3373990963874
34.2778133204316
39.1317824585958
48.7423842274561
64.7391444065721
21.0197791363869
65.1134968712728
65.6989101580347
37.3258505353267
40.8727935872905
56.7997477836037
64.3258042091931
29.6337912043899
66.3373990963874
65.6989101580347
65.7055206410537
66.8934754856333
63.3678251128998
65.1625656912932
65.0570305094703
63.1711038688881
65.6262880368767
65.7055206410537
66.8227438465872
64.6229851586916
65.2221955633044
65.2464057093825
63.82728544811
65.0549646219821
66.8934754856333
66.8227438465872
65.4553097327595
66.272318121613
65.6147883770391
63.6384010658949
65.4845870157007
63.3678251128998
64.6229851586916
65.4553097327595
62.3196106836473
61.9023424438285
62.4164298178727
64.3325587168421
65.1625656912932
65.2221955633044
66.272318121613
62.3196106836473
66.2416796815434
61.4826127788057
65.1550152026275
65.0570305094703
65.2464057093825
65.6147883770391
61.9023424438285
66.2416796815434
63.2217088297528
64.8345589373462
63.1711038688881
63.82728544811
63.6384010658949
62.4164298178727
61.4826127788057
63.2217088297528
63.2086546743289
65.6262880368767
65.0549646219821
65.4845870157007
64.3325587168421
65.1550152026275
64.8345589373462
63.2086546743289
64.6690951005169
65.9250252811192
64.5952592140828
64.1828665884282
61.1092273226196
65.1396548764689
64.5206128021616
64.6690951005169
66.7913857980651
66.3107480879469
66.8038676887622
64.7675084020436
66.109898930726
65.9548650561465
65.9250252811192
66.7913857980651
66.3893553735378
66.2463787461185
65.3046653902483
66.563104090303
66.4757349503774
64.5952592140828
66.3107480879469
66.3893553735378
66.1412023658527
63.9631854868377
65.6356562438028
65.655958862362
64.1828665884282
66.8038676887622
66.2463787461185
66.1412023658527
64.7983283339783
65.9279146993548
65.4242074820333
61.1092273226196
64.7675084020436
65.3046653902483
63.9631854868377
64.7983283339783
64.2210941899544
64.3222605611656
65.1396548764689
66.109898930726
66.563104090303
65.6356562438028
65.9279146993548
64.2210941899544
65.6067950898418
64.5206128021616
65.9548650561465
66.4757349503774
65.655958862362
65.4242074820333
64.3222605611656
65.6067950898418
66.5534539057412
67.1322438217745
64.3002980311664
61.2475298537322
64.7660363881129
63.1891432455864
63.9986912151099
66.5534539057412
66.091476359656
62.726429526061
60.6162695215511
61.5856022677811
60.5558574181836
63.7210138496484
67.1322438217745
66.091476359656
63.0183268158372
58.9250965658333
63.6761279404885
63.1119788556841
63.6954339836448
64.3002980311664
62.726429526061
63.0183268158372
50.3370317479736
65.1607433865815
63.9872006060209
57.2693297755534
61.2475298537322
60.6162695215511
58.9250965658333
50.3370317479736
61.3772216437244
36.6677730520984
35.2165893909955
64.7660363881129
61.5856022677811
63.6761279404885
65.1607433865815
61.3772216437244
65.1395767302188
64.0619894687915
63.1891432455864
60.5558574181836
63.1119788556841
63.9872006060209
36.6677730520984
65.1395767302188
63.2530096049714
63.9986912151099
63.7210138496484
63.6954339836448
57.2693297755534
35.2165893909955
64.0619894687915
63.2530096049714
66.9502892700629
67.1782842800727
65.405555551697
59.9745454262222
64.097064599438
65.4239646293833
66.6426134180142
66.9502892700629
67.352962975312
64.8405194450072
53.2594131414898
62.7452304996049
61.0880207967945
66.1968845837231
67.1782842800727
67.352962975312
66.2245905516351
62.0522754884555
64.9707229375613
65.0868393505937
66.8782502143412
65.405555551697
64.8405194450072
66.2245905516351
65.3629499507735
65.3444419694423
66.07799261434
66.6345593592858
59.9745454262222
53.2594131414898
62.0522754884555
65.3629499507735
64.744877072977
63.7285286436759
63.3087996935514
64.097064599438
62.7452304996049
64.9707229375613
65.3444419694423
64.744877072977
65.2251656262294
64.058179626552
65.4239646293833
61.0880207967945
65.0868393505937
66.07799261434
63.7285286436759
65.2251656262294
66.4338573094976
66.6426134180142
66.1968845837231
66.8782502143412
66.6345593592858
63.3087996935514
64.058179626552
66.4338573094976
65.9154885565521
66.2941444828627
58.789551730793
64.1239162408247
64.2108958567283
64.9353860616264
63.672110525686
65.9154885565521
66.3175494381917
59.7503928987459
60.5746626167498
64.0664755491738
64.547138960817
61.9569844033413
66.2941444828627
66.3175494381917
63.4066717019007
63.2808832160338
64.4477795028794
64.5830416726199
62.9582370348316
58.789551730793
59.7503928987459
63.4066717019007
64.0432317231407
65.4961388782109
64.0748617081327
65.1439969693275
64.1239162408247
60.5746626167498
63.2808832160338
64.0432317231407
65.2487798959952
64.1796859592706
63.9078041636676
64.2108958567283
64.0664755491738
64.4477795028794
65.4961388782109
65.2487798959952
65.0933039916919
66.6647927092675
64.9353860616264
64.547138960817
64.5830416726199
64.0748617081327
64.1796859592706
65.0933039916919
65.2099267057405
63.672110525686
61.9569844033413
62.9582370348316
65.1439969693275
63.9078041636676
66.6647927092675
65.2099267057405
65.6461341306495
66.945059637528
47.2019589357983
52.9132332989518
64.7764734761324
66.4547991556014
65.9698095547661
65.6461341306495
64.0484959796023
49.3718884458446
64.4091650139798
66.399016598412
65.2955460776244
64.9662319498516
66.945059637528
64.0484959796023
50.4660058263922
49.9290551221487
63.0280843869863
65.6267062325067
63.8718922833734
47.2019589357983
49.3718884458446
50.4660058263922
45.00653050193
64.3495683424142
30.1183748496152
28.1994652841047
52.9132332989518
64.4091650139798
49.9290551221487
45.00653050193
63.3007629871755
62.6773742577704
60.7000224134349
64.7764734761324
66.399016598412
63.0280843869863
64.3495683424142
63.3007629871755
64.1962709873405
64.7018698867967
66.4547991556014
65.2955460776244
65.6267062325067
30.1183748496152
62.6773742577704
64.1962709873405
66.6436252767934
65.9698095547661
64.9662319498516
63.8718922833734
28.1994652841047
60.7000224134349
64.7018698867967
66.6436252767934
65.0258541354331
66.194803651118
63.9207761230488
61.7942438367646
63.3231402183592
51.0468292897105
64.8405495985701
65.0258541354331
66.3091586547398
66.3590582220266
53.0412803511485
66.2312600209828
64.8161888799921
66.1560935936226
66.194803651118
66.3091586547398
65.1249753807797
62.9380462491679
64.4710360481398
49.0780620544576
66.0233589074441
63.9207761230488
66.3590582220266
65.1249753807797
61.0356405295307
66.963425098098
66.2589466653208
65.3613810667922
61.7942438367646
53.0412803511485
62.9380462491679
61.0356405295307
53.7448102291661
39.7815375099772
63.0242246424424
63.3231402183592
66.2312600209828
64.4710360481398
66.963425098098
53.7448102291661
66.6271488178298
65.1134144653546
51.0468292897105
64.8161888799921
49.0780620544576
66.2589466653208
39.7815375099772
66.6271488178298
63.2824594699404
64.8405495985701
66.1560935936226
66.0233589074441
65.3613810667922
63.0242246424424
65.1134144653546
63.2824594699404
65.2694639621126
66.3025080838394
63.7921055414922
59.3900432938028
63.8472534082072
64.9457850466596
66.1797313699926
65.2694639621126
67.191233862749
65.6483615318708
47.6400615026632
66.392792165127
67.2696914684698
66.2244072901364
66.3025080838394
67.191233862749
66.7190628867977
52.7632570688232
66.6345005731892
67.4788749244333
66.9099499142624
63.7921055414922
65.6483615318708
66.7190628867977
60.7421993390692
64.5956055449227
65.3086573785444
66.6871374193876
59.3900432938028
47.6400615026632
52.7632570688232
60.7421993390692
64.9970916444388
64.5797892346939
49.2808472136645
63.8472534082072
66.392792165127
66.6345005731892
64.5956055449227
64.9970916444388
65.8114185696943
65.7460316132898
64.9457850466596
67.2696914684698
67.4788749244333
65.3086573785444
64.5797892346939
65.8114185696943
67.1004819927868
66.1797313699926
66.2244072901364
66.9099499142624
66.6871374193876
49.2808472136645
65.7460316132898
67.1004819927868
66.4801150774301
65.262977846705
65.0469865262137
48.8015070598655
63.8532586186962
66.3181438683346
65.757779562102
66.4801150774301
66.1960663821799
65.7219108924736
45.7160030457047
65.2207245343193
66.5350875375129
66.3747094418319
65.262977846705
66.1960663821799
64.3811521778787
48.7403855425884
64.4439588908887
65.9576415643605
66.0823888983132
65.0469865262137
65.7219108924736
64.3811521778787
51.1873179815392
63.2908650957358
65.7235677461039
66.0573226344504
48.8015070598655
45.7160030457047
48.7403855425884
51.1873179815392
48.3015207233672
45.8346963213344
47.4671590481768
63.8532586186962
65.2207245343193
64.4439588908887
63.2908650957358
48.3015207233672
65.3790827747179
64.9603260199474
66.3181438683346
66.5350875375129
65.9576415643605
65.7235677461039
45.8346963213344
65.3790827747179
66.4680210831398
65.757779562102
66.3747094418319
66.0823888983132
66.0573226344504
47.4671590481768
64.9603260199474
66.4680210831398
66.2294971837922
63.7721352379687
53.5281895883193
50.9267609374524
60.5019535654295
65.6672936882921
62.935809897363
66.2294971837922
67.3017641732616
65.3850836356804
56.0004045372485
65.0715991904897
66.4366737755946
65.7088888348014
63.7721352379687
67.3017641732616
62.92965740791
53.2782591253266
62.1260255079181
65.0443622096332
62.5470982737004
53.5281895883193
65.3850836356804
62.92965740791
61.7943479526215
63.2452387599923
65.0002294516175
62.9957782160335
50.9267609374524
56.0004045372485
53.2782591253266
61.7943479526215
63.4568184016867
60.5135751420027
62.761716813575
60.5019535654295
65.0715991904897
62.1260255079181
63.2452387599923
63.4568184016867
64.4065020054489
63.8964106009005
65.6672936882921
66.4366737755946
65.0443622096332
65.0002294516175
60.5135751420027
64.4065020054489
65.7494342445234
62.935809897363
65.7088888348014
62.5470982737004
62.9957782160335
62.761716813575
63.8964106009005
65.7494342445234
64.2037176803364
56.4175914599517
64.2164174764255
51.2686621675532
64.0908758840966
63.7244799778903
64.4777352268699
64.2037176803364
58.8930669114477
63.1736894309886
58.6860812976232
64.416547459094
64.054116122875
64.7887101512286
56.4175914599517
58.8930669114477
62.6461783916889
20.93576052144
37.9463535229747
39.9613482079255
51.6986661940199
64.2164174764255
63.1736894309886
62.6461783916889
28.1163636677942
59.1189025697104
61.0580688294313
63.5780093873841
51.2686621675532
58.6860812976232
20.93576052144
28.1163636677942
62.5821920759332
61.8913647819036
60.9832426518139
64.0908758840966
64.416547459094
37.9463535229747
59.1189025697104
62.5821920759332
65.2965612707969
65.3342079981767
63.7244799778903
64.054116122875
39.9613482079255
61.0580688294313
61.8913647819036
65.2965612707969
64.8181518306812
64.4777352268699
64.7887101512286
51.6986661940199
63.5780093873841
60.9832426518139
65.3342079981767
64.8181518306812
66.819672368147
66.9439054147776
64.7494858465936
66.1954467345818
66.7254915358237
65.5685161712269
63.6766009256918
66.819672368147
67.1455422366817
66.2443236483539
66.1129692478829
66.9064088291322
66.1140780512085
65.6168923154645
66.9439054147776
67.1455422366817
66.2032110686703
66.7057424113104
67.2706440437189
66.4415775425685
65.5085156758894
64.7494858465936
66.2443236483539
66.2032110686703
64.825031658259
66.3655775938822
65.5718321282573
64.9094813220687
66.1954467345818
66.1129692478829
66.7057424113104
64.825031658259
67.0248225025507
65.6444679480392
64.3697454457511
66.7254915358237
66.9064088291322
67.2706440437189
66.3655775938822
67.0248225025507
67.0041146163315
66.0828201942009
65.5685161712269
66.1140780512085
66.4415775425685
65.5718321282573
65.6444679480392
67.0041146163315
65.2014876591956
63.6766009256918
65.6168923154645
65.5085156758894
64.9094813220687
64.3697454457511
66.0828201942009
65.2014876591956
58.2495510664992
63.1996351967555
48.2426233801802
58.4397212359686
61.8826773725438
61.2713735162098
53.0385971706374
58.2495510664992
65.6772504140773
61.2680560933822
64.0884032852409
59.8857046509561
49.976903718155
42.5946348705005
63.1996351967555
65.6772504140773
62.619127439061
62.6938132886614
62.1248219976799
58.2435117107548
56.7882359372814
48.2426233801802
61.2680560933822
62.619127439061
57.3567048833501
49.2462150897204
24.1572493960122
26.0772430716169
58.4397212359686
64.0884032852409
62.6938132886614
57.3567048833501
61.9903343862701
50.6911966949585
54.3102278055516
61.8826773725438
59.8857046509561
62.1248219976799
49.2462150897204
61.9903343862701
43.356234975603
41.7438521110344
61.2713735162098
49.976903718155
58.2435117107548
24.1572493960122
50.6911966949585
43.356234975603
59.4529899971925
53.0385971706374
42.5946348705005
56.7882359372814
26.0772430716169
54.3102278055516
41.7438521110344
59.4529899971925
66.6115590066366
64.696485704277
64.5773213945979
63.413315323509
63.7734578071984
66.9106081806194
67.1750533930428
66.6115590066366
66.8406379893191
66.2490382453754
63.912755104617
66.0756667370668
66.4697361427733
67.0182118042622
64.696485704277
66.8406379893191
65.0993906575203
63.2541466876842
64.5028361582167
66.9670838700078
67.5033939198612
64.5773213945979
66.2490382453754
65.0993906575203
63.036807404669
63.6753379415643
66.4345624791332
67.1043131293486
63.413315323509
63.912755104617
63.2541466876842
63.036807404669
62.9232100067636
65.2654670392897
65.098859339013
63.7734578071984
66.0756667370668
64.5028361582167
63.6753379415643
62.9232100067636
66.3053976555508
66.8786270790329
66.9106081806194
66.4697361427733
66.9670838700078
66.4345624791332
65.2654670392897
66.3053976555508
67.2599473570919
67.1750533930428
67.0182118042622
67.5033939198612
67.1043131293486
65.098859339013
66.8786270790329
67.2599473570919
66.6948005075708
66.0511648969941
63.7131617424815
64.0227856262605
64.90451650952
65.691349927177
66.001770774527
66.6948005075708
66.5483718445492
63.1371613630666
65.1038369962208
64.2207031557646
66.0419509338063
66.2079084194516
66.0511648969941
66.5483718445492
66.1732628238771
65.9720109315184
66.2158379405405
66.7762750679197
66.3918822183616
63.7131617424815
63.1371613630666
66.1732628238771
65.4383665592964
63.401279357565
65.7316595459392
65.4872934659311
64.0227856262605
65.1038369962208
65.9720109315184
65.4383665592964
65.6844749432803
65.7611401079461
65.5166728414224
64.90451650952
64.2207031557646
66.2158379405405
63.401279357565
65.6844749432803
66.245924477237
65.9009432521194
65.691349927177
66.0419509338063
66.7762750679197
65.7316595459392
65.7611401079461
66.245924477237
66.485751380413
66.001770774527
66.2079084194516
66.3918822183616
65.4872934659311
65.5166728414224
65.9009432521194
66.485751380413
66.3322130887586
65.9161873524954
65.8159812654699
52.6753928572036
62.5217335288007
55.9979151086538
59.6614843406646
66.3322130887586
65.1994268499503
65.162191371087
63.3450608970435
64.2223965929435
65.0906245397463
65.2218895469796
65.9161873524954
65.1994268499503
64.8091652218089
60.6576239320941
64.7139729302325
65.7235926553491
65.3359573368709
65.8159812654699
65.162191371087
64.8091652218089
62.6898487518954
64.7589330669576
66.0176957942763
66.4503288960655
52.6753928572036
63.3450608970435
60.6576239320941
62.6898487518954
62.5639187654812
65.0776502004389
63.8982891766534
