66.7658646419997
66.4319122589444
66.7988030559236
67.5100959917467
67.388797016655
67.4283800996717
66.3732524417138
66.1689628699774
67.2098401386633
66.7988030559236
66.2953994788888
66.2601703738302
66.785502446612
66.7853552092676
66.3158646990026
66.1296349209789
67.5100959917467
66.2953994788888
67.3746538600165
67.428397127371
66.4267478707666
66.6277622183958
66.0635417724636
67.388797016655
66.2601703738302
67.3746538600165
67.3778409322837
66.586375043962
66.816496589175
66.5961342499405
67.4283800996717
66.785502446612
67.428397127371
67.3778409322837
66.6524021327269
66.6059246930494
67.0605058865705
66.3732524417138
66.7853552092676
66.4267478707666
66.586375043962
66.6524021327269
63.1912137925714
64.1501194142781
65.4253294201765
52.4273810686841
65.5222828083274
54.9957944819322
62.3668338877475
63.1912137925714
66.5156887652464
65.9470408147019
53.3447144720837
66.539383286896
58.9912460908413
53.914188355715
64.1501194142781
66.5156887652464
66.3811046430453
58.7896161762316
66.7033152655826
60.8180777243325
59.7903170794107
65.4253294201765
65.9470408147019
66.3811046430453
48.4995879075835
66.8092560277536
55.4723258248349
56.0192278794734
52.4273810686841
53.3447144720837
58.7896161762316
48.4995879075835
56.6593905194871
63.7709284513819
49.9695009590741
65.5222828083274
66.539383286896
66.7033152655826
66.8092560277536
56.6593905194871
59.6516164935116
62.0237060930941
54.9957944819322
58.9912460908413
60.8180777243325
55.4723258248349
63.7709284513819
59.6516164935116
46.124963842389
62.3668338877475
53.914188355715
59.7903170794107
56.0192278794734
49.9695009590741
62.0237060930941
46.124963842389
56.2241610129952
62.0356097743695
62.0024526740222
63.0946540048839
57.4930388066621
62.3767382208351
36.793520587215
56.2241610129952
60.8490110374517
65.0128951380629
63.3578663188885
65.5070057246377
65.3452180583285
64.9797774181305
62.0356097743695
60.8490110374517
55.930838465703
61.0430587012692
60.5950857742583
64.7925963406043
58.8697838680661
62.0024526740222
65.0128951380629
55.930838465703
64.8527829110961
62.5803011325292
64.498557869105
64.9168098772373
63.0946540048839
63.3578663188885
61.0430587012692
64.8527829110961
60.4947555699688
64.5122040663065
56.4984921504698
57.4930388066621
65.5070057246377
60.5950857742583
62.5803011325292
60.4947555699688
65.0696479723066
63.2712892562582
62.3767382208351
65.3452180583285
64.7925963406043
64.498557869105
64.5122040663065
65.0696479723066
63.0396369554315
36.793520587215
64.9797774181305
58.8697838680661
64.9168098772373
56.4984921504698
63.2712892562582
63.0396369554315
67.0740937787734
67.0643638089154
64.9260638719127
66.8621744479653
65.7482535264531
66.243801583453
65.4536187843807
67.0740937787734
67.1632386396335
64.8549349577622
67.215985588599
65.3689330815768
66.4411199180805
65.6862079578766
67.0643638089154
67.1632386396335
64.7576239039177
66.8786308852105
65.4489223598926
66.2683453011214
65.5772679684521
64.9260638719127
64.8549349577622
64.7576239039177
64.9968456928804
66.3558140041966
66.1679063397556
66.5018195473355
66.8621744479653
67.215985588599
66.8786308852105
64.9968456928804
65.2678930262427
66.5490647479233
65.4433139133867
65.7482535264531
65.3689330815768
65.4489223598926
66.3558140041966
65.2678930262427
65.8357336414889
66.8560229454541
66.243801583453
66.4411199180805
66.2683453011214
66.1679063397556
66.5490647479233
65.8357336414889
65.7428480460721
65.4536187843807
65.6862079578766
65.5772679684521
66.5018195473355
65.4433139133867
66.8560229454541
65.7428480460721
66.9119446149742
66.9710734287124
66.5049595954202
66.7046111519501
66.1793058131233
66.9220775999441
66.7345243673821
66.9119446149742
67.2635400293227
66.7464539381146
66.8875732969066
66.2099365292463
66.9144183491981
66.7723221391952
66.9710734287124
67.2635400293227
66.681274543186
66.8030294826097
66.3550855314297
66.743029074093
66.6714772682288
66.5049595954202
66.7464539381146
66.681274543186
67.1610382312108
67.2118851418514
66.7756533352294
67.3726408705569
66.7046111519501
66.8875732969066
66.8030294826097
67.1610382312108
66.6254474241679
67.0627023940863
66.9456642336492
66.1793058131233
66.2099365292463
66.3550855314297
67.2118851418514
66.6254474241679
65.9268953909921
67.4756370630668
66.9220775999441
66.9144183491981
66.743029074093
66.7756533352294
67.0627023940863
65.9268953909921
66.6363816843565
66.7345243673821
66.7723221391952
66.6714772682288
67.3726408705569
66.9456642336492
67.4756370630668
66.6363816843565
66.5610960308041
66.4664846247062
67.1558993638938
67.0031160377921
66.3981452316548
67.0512156319662
66.8590391674876
66.5610960308041
65.3450684544395
66.604753964772
66.2162026696678
66.8393433830995
66.1089809321001
67.1338090302631
66.4664846247062
65.3450684544395
66.96104015639
65.9876067777348
65.8635060009884
66.4985641245913
66.2040673830957
67.1558993638938
66.604753964772
66.96104015639
66.9820265482785
66.5499488746601
66.885400926372
66.9088590549973
67.0031160377921
66.2162026696678
65.9876067777348
66.9820265482785
66.7776580481573
66.6665638253883
66.3998898540585
66.3981452316548
66.8393433830995
65.8635060009884
66.5499488746601
66.7776580481573
65.8038317838717
66.8377042781377
67.0512156319662
66.1089809321001
66.4985641245913
66.885400926372
66.6665638253883
65.8038317838717
66.1193697966152
66.8590391674876
67.1338090302631
66.2040673830957
66.9088590549973
66.3998898540585
66.8377042781377
66.1193697966152
61.5836858461923
64.5772646545029
60.8790383742657
61.4789853145453
62.0905762550545
61.6757206248515
62.6714764138847
61.5836858461923
64.0863628592318
66.4745128869236
65.8704647202579
66.5706302456867
66.5692618768678
66.5134333481199
64.5772646545029
64.0863628592318
63.6052721507203
64.5720966607485
64.7254195784015
64.6362325883764
64.2951797648968
60.8790383742657
66.4745128869236
63.6052721507203
65.5095588941102
66.4364924823783
66.1097057437393
66.3138611267964
61.4789853145453
65.8704647202579
64.5720966607485
65.5095588941102
66.222475822865
67.0078490581676
65.5295887925249
62.0905762550545
66.5706302456867
64.7254195784015
66.4364924823783
66.222475822865
66.1092298122
66.6458122955274
61.6757206248515
66.5692618768678
64.6362325883764
66.1097057437393
67.0078490581676
66.1092298122
65.767608511105
62.6714764138847
66.5134333481199
64.2951797648968
66.3138611267964
65.5295887925249
66.6458122955274
65.767608511105
50.3280625339221
65.8842850969022
36.6825464729542
66.4052959640759
64.0363052585515
64.8538415739727
63.5742644198423
50.3280625339221
35.7942256977728
60.4304314998159
31.6649824390197
33.3129469920502
44.1491518918375
38.7684081871046
65.8842850969022
35.7942256977728
24.7095522597592
66.503712132724
63.9674451894458
65.1179621845311
61.2662628597997
36.6825464729542
60.4304314998159
24.7095522597592
28.9444347423842
24.179218199753
25.3386033395467
29.0885290467911
66.4052959640759
31.6649824390197
66.503712132724
28.9444347423842
64.2026144902901
63.9150781667622
58.4854937317172
64.0363052585515
33.3129469920502
63.9674451894458
24.179218199753
64.2026144902901
62.6693450314771
44.68144025172
64.8538415739727
44.1491518918375
65.1179621845311
25.3386033395467
63.9150781667622
62.6693450314771
64.5123505988375
63.5742644198423
38.7684081871046
61.2662628597997
29.0885290467911
58.4854937317172
44.68144025172
64.5123505988375
66.9432582404874
67.3414111134307
66.8689651733935
66.9210092250356
66.868655357415
66.6265691374121
67.1989818003847
66.9432582404874
66.7020910932334
66.9739403942
67.0731055151924
67.5509819635107
66.3842169356367
67.6424835385961
67.3414111134307
66.7020910932334
66.2542076196994
66.5215526000927
66.4473058381627
66.7019912857001
66.8913914402628
66.8689651733935
66.9739403942
66.2542076196994
66.7460813121007
67.0239162532186
66.8377723404578
67.1836912717924
66.9210092250356
67.0731055151924
66.5215526000927
66.7460813121007
67.030187599878
66.960459001639
67.1865370678538
66.868655357415
67.5509819635107
66.4473058381627
67.0239162532186
67.030187599878
66.6172524202087
67.5410668669753
66.6265691374121
66.3842169356367
66.7019912857001
66.8377723404578
66.960459001639
66.6172524202087
66.8871783390965
67.1989818003847
67.6424835385961
66.8913914402628
67.1836912717924
67.1865370678538
67.5410668669753
66.8871783390965
66.4986583732224
66.96918291127
66.2235649184137
66.8811172653678
62.6836475295065
65.930314844579
65.7224791518476
66.4986583732224
66.0376472615983
66.3261099943003
66.5937612743973
62.1674662821897
65.6671441727094
66.0435633260609
66.96918291127
66.0376472615983
66.2285013925084
66.983977419285
63.5288468989381
66.6717236576913
66.2010247222677
66.2235649184137
66.3261099943003
66.2285013925084
66.2977063917736
61.8204014679354
65.938787662781
66.6291350746453
66.8811172653678
66.5937612743973
66.983977419285
66.2977063917736
59.1473497963054
65.9027306239806
66.2826930815819
62.6836475295065
62.1674662821897
63.5288468989381
61.8204014679354
59.1473497963054
59.9789052626744
64.0345528616378
65.930314844579
65.6671441727094
66.6717236576913
65.938787662781
65.9027306239806
59.9789052626744
65.6901338742195
65.7224791518476
66.0435633260609
66.2010247222677
66.6291350746453
66.2826930815819
64.0345528616378
65.6901338742195
40.8590870217073
33.7286958462527
26.9370906901979
39.1163062159019
25.6302574772718
25.1700351418786
36.3800107797729
40.8590870217073
60.7815357538101
55.7824658221448
65.3465059767563
55.7698398015378
66.4765790157679
62.2705748591342
33.7286958462527
60.7815357538101
63.5518012786362
65.7283133036572
63.184013644573
62.5245692521571
64.5399054857546
26.9370906901979
55.7824658221448
63.5518012786362
65.2016113685381
64.0372234311953
47.2946501403753
62.3930035115037
39.1163062159019
65.3465059767563
65.7283133036572
65.2016113685381
65.7199005909459
64.0217445611025
66.7882434324753
25.6302574772718
55.7698398015378
63.184013644573
64.0372234311953
65.7199005909459
53.5885468389776
63.5587495214999
25.1700351418786
66.4765790157679
62.5245692521571
47.2946501403753
64.0217445611025
53.5885468389776
64.2660421472684
36.3800107797729
62.2705748591342
64.5399054857546
62.3930035115037
66.7882434324753
63.5587495214999
64.2660421472684
61.735652170223
66.2780171904462
64.1379489849239
56.3703927114204
40.8917057387535
63.5057364485882
28.4725768702432
61.735652170223
62.4851785729722
63.9386416701639
50.3470376290205
36.1087785150954
54.951471177323
28.5131821961711
66.2780171904462
62.4851785729722
64.7512315085854
59.4335525951622
44.8033588419984
64.4158101667703
28.0984894732844
64.1379489849239
63.9386416701639
64.7512315085854
53.1585791587379
34.3073710348742
62.9021056799547
25.9117054426471
56.3703927114204
50.3470376290205
59.4335525951622
53.1585791587379
63.4317071277002
65.6886584867072
48.1297055450871
40.8917057387535
36.1087785150954
44.8033588419984
34.3073710348742
63.4317071277002
50.0798109264521
56.6356280744113
63.5057364485882
54.951471177323
64.4158101667703
62.9021056799547
65.6886584867072
50.0798109264521
27.9362935844166
28.4725768702432
28.5131821961711
28.0984894732844
25.9117054426471
48.1297055450871
56.6356280744113
27.9362935844166
66.9833443927412
65.9403993315149
67.0239200802724
66.2991588593764
66.467377811075
66.5994662975815
65.9094826283554
66.9833443927412
66.4991125771641
67.1112428631896
66.8442499731866
66.6336175340788
66.5408073119356
66.2328635138731
65.9403993315149
66.4991125771641
65.8666401450474
67.095969992154
66.0160577630046
66.2043253317845
66.0918927997449
67.0239200802724
67.1112428631896
65.8666401450474
66.73780378429
66.6053337152554
66.3414759546635
66.4892619606293
66.2991588593764
66.8442499731866
67.095969992154
66.73780378429
66.8496154584144
66.8692037654993
66.5207537787532
66.467377811075
66.6336175340788
66.0160577630046
66.6053337152554
66.8496154584144
66.4404422482696
65.9776957631855
66.5994662975815
66.5408073119356
66.2043253317845
66.3414759546635
66.8692037654993
66.4404422482696
65.4896882154132
65.9094826283554
66.2328635138731
66.0918927997449
66.4892619606293
66.5207537787532
65.9776957631855
65.4896882154132
48.5317612380395
41.8661498110286
46.3147460354315
46.7894503557116
65.5061492432567
60.9599118040267
61.2443811296913
48.5317612380395
66.2246976351029
65.7949298236038
66.7970958660973
50.4647482769212
62.7856488410516
62.9906646101324
41.8661498110286
66.2246976351029
66.231747015869
66.9971907648462
52.2026586682894
62.8194565553935
61.5942132005271
46.3147460354315
65.7949298236038
66.231747015869
66.7524866850214
53.9254207104684
63.3670905692767
57.8478595498855
46.7894503557116
66.7970958660973
66.9971907648462
66.7524866850214
54.6984680594466
63.6758085517734
61.6324487516917
65.5061492432567
50.4647482769212
52.2026586682894
53.9254207104684
54.6984680594466
66.3188206048649
65.1375547710731
60.9599118040267
62.7856488410516
62.8194565553935
63.3670905692767
63.6758085517734
66.3188206048649
67.2243122237144
61.2443811296913
62.9906646101324
61.5942132005271
57.8478595498855
61.6324487516917
65.1375547710731
67.2243122237144
66.6042139540995
66.8615871096764
66.0745050198814
66.8181375225182
65.9773178300283
66.7250817110159
61.4144780299271
66.6042139540995
66.640224822488
66.0441952053341
66.3139150419514
64.779626915177
67.2830796604748
63.1631331136285
66.8615871096764
66.640224822488
65.9110165955717
66.9186930556859
65.0942096154519
66.7289465055941
63.2963196216912
66.0745050198814
66.0441952053341
65.9110165955717
66.2453850048721
66.0226357161093
65.6567520861425
57.3127684585096
66.8181375225182
66.3139150419514
66.9186930556859
66.2453850048721
65.7391487337695
66.1241584498789
59.1081797992288
65.9773178300283
64.779626915177
65.0942096154519
66.0226357161093
65.7391487337695
63.1492509577452
40.7331794801613
66.7250817110159
67.2830796604748
66.7289465055941
65.6567520861425
66.1241584498789
63.1492509577452
64.6623550073738
61.4144780299271
63.1631331136285
63.2963196216912
57.3127684585096
59.1081797992288
40.7331794801613
64.6623550073738
65.5150856243525
66.6488260840892
66.3513992867948
66.5522798452663
66.7182188430989
65.6930385719022
66.6165242595032
65.5150856243525
65.6631929235103
66.1343439196184
66.7494273228853
64.5765007658019
66.1183078712703
64.928415863658
66.6488260840892
65.6631929235103
65.3426842028975
65.7405922671219
65.3398992724952
66.0161178803619
65.7478075781214
66.3513992867948
66.1343439196184
65.3426842028975
66.8687326684985
65.7239474743872
65.5344175257954
65.9167549008599
66.5522798452663
66.7494273228853
65.7405922671219
66.8687326684985
65.4729949322403
65.5836790887027
65.9630473590802
66.7182188430989
64.5765007658019
65.3398992724952
65.7239474743872
65.4729949322403
64.1636244251576
66.5357115974127
65.6930385719022
66.1183078712703
66.0161178803619
65.5344175257954
65.5836790887027
64.1636244251576
65.4919635406733
66.6165242595032
64.928415863658
65.7478075781214
65.9167549008599
65.9630473590802
66.5357115974127
65.4919635406733
66.6634675799915
65.0223144223606
66.2587498655108
65.4971718834625
64.0610754782579
66.2944751668071
63.3100697569158
66.6634675799915
66.6946225337819
67.4598073824514
66.5484211920492
66.7939897113576
67.1910055483321
66.583737933926
65.0223144223606
66.6946225337819
66.6182936073156
67.3785423340402
67.0856953509484
67.0743591393741
66.7866358260406
66.2587498655108
67.4598073824514
66.6182936073156
66.5579336389895
66.6483161729057
67.1707234952924
66.6290055800231
65.4971718834625
66.5484211920492
67.3785423340402
66.5579336389895
66.9676500544987
66.6527520301637
66.7416237086908
64.0610754782579
66.7939897113576
67.0856953509484
66.6483161729057
66.9676500544987
66.7629802990582
67.155082067269
66.2944751668071
67.1910055483321
67.0743591393741
67.1707234952924
66.6527520301637
66.7629802990582
66.7046327180117
63.3100697569158
66.583737933926
66.7866358260406
66.6290055800231
66.7416237086908
67.155082067269
66.7046327180117
