61.3490295818948
64.3362138488038
30.7773930223232
64.6717631185223
55.4425955036684
60.8355527020215
60.0450679762984
46.7152865563747
62.5917965896046
50.7081298359156
64.6650531126675
64.972577422599
60.8355527020215
57.9059410232728
53.8816356777741
65.3974806730624
26.311237638965
63.7545905477597
56.8160444997759
60.0450679762984
57.9059410232728
66.9290844977766
66.9188379363358
67.194482486455
67.2781074298818
66.1315290043732
67.1294274314012
67.2163987970949
66.9290844977766
67.4044173276147
67.4478333231347
67.3783140501899
62.7797153202639
67.5787065274988
67.4027334171987
66.9188379363358
67.4044173276147
67.3841855151336
67.2809644194284
63.0864140338882
67.4238048745699
67.3963007742446
67.194482486455
67.4478333231347
67.3841855151336
67.4380272883505
65.4587384074995
67.2217020160377
67.7845424285561
67.2781074298818
67.3783140501899
67.2809644194284
67.4380272883505
64.8686742468199
67.5108512954018
67.4826378400973
66.1315290043732
62.7797153202639
63.0864140338882
65.4587384074995
64.8686742468199
63.3925129188414
65.7943663362321
67.1294274314012
67.5787065274988
67.4238048745699
67.2217020160377
67.5108512954018
63.3925129188414
67.137280466983
67.2163987970949
67.4027334171987
67.3963007742446
67.7845424285561
67.4826378400973
65.7943663362321
67.137280466983
64.9966416678094
65.1671492619542
65.2765490152451
64.7584669145945
66.8725414503804
64.7258173430051
65.6354727932011
64.9966416678094
65.5744469009301
65.8619962454409
64.8669432943038
67.011681421182
64.8254205689473
66.131590165494
65.1671492619542
65.5744469009301
66.0086502775154
65.0224202417855
67.1217310653317
65.103691566907
66.2829940598048
65.2765490152451
65.8619962454409
66.0086502775154
65.3018043183042
66.9548989826264
65.4879753952807
66.658602361805
64.7584669145945
64.8669432943038
65.0224202417855
65.3018043183042
66.7811493632775
64.6839163132851
65.4358456643832
66.8725414503804
67.011681421182
67.1217310653317
66.9548989826264
66.7811493632775
66.8473745592346
66.9957479067712
64.7258173430051
64.8254205689473
65.103691566907
65.4879753952807
64.6839163132851
66.8473745592346
65.7244048431889
65.6354727932011
66.131590165494
66.2829940598048
66.658602361805
65.4358456643832
66.9957479067712
65.7244048431889
64.8735710297281
65.5459012226597
65.8229557289167
66.0360480508201
65.4964504547159
66.2565984645541
65.8153359612176
64.8735710297281
66.1842975428881
66.9113986678529
66.3247900194808
67.0697449630398
66.5921265335475
66.6159021829739
65.5459012226597
66.1842975428881
65.9052382384983
66.1208003591147
66.3776032586212
66.5143657956932
66.0756291921954
65.8229557289167
66.9113986678529
65.9052382384983
66.5629679442977
67.3466505885145
66.9167001081161
66.7181357841604
66.0360480508201
66.3247900194808
66.1208003591147
66.5629679442977
66.3514220849918
66.5732972139122
66.4713983897949
65.4964504547159
67.0697449630398
66.3776032586212
67.3466505885145
66.3514220849918
66.9502721149581
66.8873399485373
66.2565984645541
66.5921265335475
66.5143657956932
66.9167001081161
66.5732972139122
66.9502721149581
66.950160582885
65.8153359612176
66.6159021829739
66.0756291921954
66.7181357841604
66.4713983897949
66.8873399485373
66.950160582885
65.353805200836
67.3928980326226
67.0080302167467
67.3585590208458
66.4097132726494
67.1966011735669
66.3237452667246
65.353805200836
65.1640363820743
66.6406409444263
66.1796639507238
66.6706436745091
65.6467310128539
66.9021942791083
67.3928980326226
65.1640363820743
66.7643014290373
67.3928515783645
66.7769837755225
67.4012644560595
66.3765318668006
67.0080302167467
66.6406409444263
66.7643014290373
67.1640959504446
67.1751363726669
66.9647314134194
67.1939127122332
67.3585590208458
66.1796639507238
67.3928515783645
67.1640959504446
66.7575780802308
67.3720630333987
66.7104675855216
66.4097132726494
66.6706436745091
66.7769837755225
67.1751363726669
66.7575780802308
66.7721548995926
66.9586309356098
67.1966011735669
65.6467310128539
67.4012644560595
66.9647314134194
67.3720630333987
66.7721548995926
66.2881674647711
66.3237452667246
66.9021942791083
66.3765318668006
67.1939127122332
66.7104675855216
66.9586309356098
66.2881674647711
59.6581613059114
66.6797440941864
65.0934334046637
66.6555228309728
65.2256789383283
64.5533656763584
66.4644593971531
59.6581613059114
63.4596579014488
66.1998349511123
65.4654404489191
66.5918793034929
63.5099194685626
65.063305347858
66.6797440941864
63.4596579014488
65.2590652394337
66.6349525204534
64.9464518822507
60.1944348491847
65.8331919783918
65.0934334046637
66.1998349511123
65.2590652394337
66.4303395309481
66.7846758085411
64.640891055638
66.9186720626059
66.6555228309728
65.4654404489191
66.6349525204534
66.4303395309481
66.4792263571151
65.3914350108771
66.7442385335242
65.2256789383283
66.5918793034929
64.9464518822507
66.7846758085411
66.4792263571151
64.2553647080027
66.6286695761339
64.5533656763584
63.5099194685626
60.1944348491847
64.640891055638
65.3914350108771
64.2553647080027
65.1467904193522
66.4644593971531
65.063305347858
65.8331919783918
66.9186720626059
66.7442385335242
66.6286695761339
65.1467904193522
66.2354835705744
64.762277637555
65.7404551406515
65.4916654790648
64.5816542647245
64.9270669836284
65.8052518176636
66.2354835705744
65.3088228473196
64.8395257974973
65.3553048821363
65.8000046423099
64.3404433244538
65.9840540416228
64.762277637555
65.3088228473196
65.0705195826696
65.0371472408401
64.2311984752602
64.0687868027437
65.1580019089055
65.7404551406515
64.8395257974973
65.0705195826696
64.5974576374008
66.3965034922568
64.3270943105796
65.468579601763
65.4916654790648
65.3553048821363
65.0371472408401
64.5974576374008
65.0450113776718
65.6024367552761
65.9641037518796
64.5816542647245
65.8000046423099
64.2311984752602
66.3965034922568
65.0450113776718
64.6939362884368
66.0631149253093
64.9270669836284
64.3404433244538
64.0687868027437
64.3270943105796
65.6024367552761
64.6939362884368
65.235325612275
65.8052518176636
65.9840540416228
65.1580019089055
65.468579601763
65.9641037518796
66.0631149253093
65.235325612275
66.5863842723063
67.2532704713863
66.7487912178835
67.3488751535686
65.663108734731
66.5428858424508
63.8302338762375
66.5863842723063
66.5694609637268
67.2336533886635
66.9537888941688
66.7852780348105
66.4983907815645
63.2420220012058
67.2532704713863
66.5694609637268
66.3635108710989
66.8437484449933
66.7688753815388
66.9790576318407
64.7290258355084
66.7487912178835
67.2336533886635
66.3635108710989
66.387050323006
66.7725669575799
66.3575885681539
62.266384008956
67.3488751535686
66.9537888941688
66.8437484449933
66.387050323006
66.5675725345993
66.8010040425252
65.1744452787988
65.663108734731
66.7852780348105
66.7688753815388
66.7725669575799
66.5675725345993
65.9764413359942
65.2195263196445
66.5428858424508
66.4983907815645
66.9790576318407
66.3575885681539
66.8010040425252
65.9764413359942
64.6081178230227
63.8302338762375
63.2420220012058
64.7290258355084
62.266384008956
65.1744452787988
65.2195263196445
64.6081178230227
67.0040592859118
67.1644671820821
66.1267538736546
67.1135657320622
65.8180259277182
67.1849095417819
67.1331791357084
67.0040592859118
67.2407419724264
64.0176887937967
66.8131918413067
66.3459903524494
67.1914628093798
67.2744804059818
67.1644671820821
67.2407419724264
66.3043895303237
67.0234299787689
66.2550963380015
67.3603014542703
67.1309911044956
66.1267538736546
64.0176887937967
66.3043895303237
65.9954839017578
66.8196799224584
66.2343216287017
66.1064215869064
67.1135657320622
66.8131918413067
67.0234299787689
65.9954839017578
65.8361558545671
67.1131050428618
67.2103898615204
65.8180259277182
66.3459903524494
66.2550963380015
66.8196799224584
65.8361558545671
66.3534352477851
66.3507340796189
67.1849095417819
67.1914628093798
67.3603014542703
66.2343216287017
67.1131050428618
66.3534352477851
67.2634515472953
67.1331791357084
67.2744804059818
67.1309911044956
66.1064215869064
67.2103898615204
66.3507340796189
67.2634515472953
65.9867921123368
65.4123397014166
65.5326526752719
65.2530787139526
65.1537568056258
67.4321170699217
65.3700472213341
65.9867921123368
65.5805841565419
65.8808074947157
65.5594238338799
65.6571845516649
66.8012069453778
65.714641315513
65.4123397014166
65.5805841565419
65.0465179795876
64.8410000966103
64.8020684570538
67.3780734415635
64.8999801096843
65.5326526752719
65.8808074947157
65.0465179795876
64.9822672388942
64.9587372552748
66.966770327383
65.1546254354418
65.2530787139526
65.5594238338799
64.8410000966103
64.9822672388942
64.5015535690573
67.0118889541449
64.7604910371814
65.1537568056258
65.6571845516649
64.8020684570538
64.9587372552748
64.5015535690573
66.8205188826541
64.9074265411848
67.4321170699217
66.8012069453778
67.3780734415635
66.966770327383
67.0118889541449
66.8205188826541
67.2159317925843
65.3700472213341
65.714641315513
64.8999801096843
65.1546254354418
64.7604910371814
64.9074265411848
67.2159317925843
66.7648995031072
66.6021787634988
66.9660010215528
66.490642906897
66.7829386635428
66.9791692800254
66.3943139675111
66.7648995031072
67.1948998461817
67.4280897262462
66.3897103664228
67.1511606418307
67.1789266287843
66.793851062052
66.6021787634988
67.1948998461817
67.1647007350431
66.9966214758057
66.9848351598717
67.2288204260274
66.413986464528
66.9660010215528
67.4280897262462
67.1647007350431
66.5276787368943
67.5034573450061
67.2047333346263
66.7686718131308
66.490642906897
66.3897103664228
66.9966214758057
66.5276787368943
66.0908950238517
67.2857286633557
66.46915890469
66.7829386635428
67.1511606418307
66.9848351598717
67.5034573450061
66.0908950238517
66.7694083029181
66.1904466346819
66.9791692800254
67.1789266287843
67.2288204260274
67.2047333346263
67.2857286633557
66.7694083029181
66.8229583473371
66.3943139675111
66.793851062052
66.413986464528
66.7686718131308
66.46915890469
66.1904466346819
66.8229583473371
65.4608122054326
36.834197066126
64.309936177611
66.054714913705
63.6117355653752
63.9742885327818
60.3342535882649
65.4608122054326
30.8422216169097
64.5000884997087
65.5792047861427
62.3158590310566
64.598218323601
56.0028001734426
36.834197066126
30.8422216169097
36.469498377637
28.7014519031697
27.7252000471085
27.8921192551359
23.8736884260093
64.309936177611
64.5000884997087
36.469498377637
66.0270435881117
63.6746482104123
63.5293266372312
63.9461156798121
66.054714913705
65.5792047861427
28.7014519031697
66.0270435881117
64.7065760593908
64.7053099126813
61.7691661754934
63.6117355653752
62.3158590310566
27.7252000471085
63.6746482104123
64.7065760593908
61.9773721661362
63.9699638297999
63.9742885327818
64.598218323601
27.8921192551359
63.5293266372312
64.7053099126813
61.9773721661362
48.9548565399939
60.3342535882649
56.0028001734426
23.8736884260093
63.9461156798121
61.7691661754934
63.9699638297999
48.9548565399939
66.3811071453669
67.6173983649711
66.881549961511
67.4891920928795
66.8949567704524
67.2330351029987
66.9358617264694
66.3811071453669
66.7942033153085
67.1781216281489
66.2807280681431
67.3717363468458
67.1663166453435
67.0782999157965
67.6173983649711
66.7942033153085
67.1772455551352
67.4638272218033
66.9616969454658
67.3085767628064
66.8986247625496
66.881549961511
67.1781216281489
67.1772455551352
66.7635622274202
67.3403295952349
67.2163421539661
67.0559300390163
67.4891920928795
66.2807280681431
67.4638272218033
66.7635622274202
66.7606703092895
67.0945052473399
66.7939341405885
66.8949567704524
67.3717363468458
66.9616969454658
67.3403295952349
66.7606703092895
67.3411368356091
67.5074647146119
67.2330351029987
67.1663166453435
67.3085767628064
67.2163421539661
67.0945052473399
67.3411368356091
67.228618866065
66.9358617264694
67.0782999157965
66.8986247625496
67.0559300390163
66.7939341405885
67.5074647146119
67.228618866065
63.2376824533533
66.9165022494575
66.756191466825
67.014898637445
65.4099188660744
66.3917922549015
62.2841983289892
63.2376824533533
64.1061875307837
64.4467664143503
64.1693452278716
63.8105633051559
63.002334545761
64.6929064868524
66.9165022494575
64.1061875307837
66.7160084367211
67.1509874777609
65.9658550154507
66.6685642020477
62.8914906863904
66.756191466825
64.4467664143503
66.7160084367211
67.0657247042605
66.2143960969247
66.8235512266661
63.2413716570573
67.014898637445
64.1693452278716
67.1509874777609
67.0657247042605
66.0582399198683
66.6644564559999
62.4239772043057
65.4099188660744
63.8105633051559
65.9658550154507
66.2143960969247
66.0582399198683
64.5536355718566
64.5435706139639
66.3917922549015
63.002334545761
66.6685642020477
66.8235512266661
66.6644564559999
64.5536355718566
50.1145689498795
62.2841983289892
64.6929064868524
62.8914906863904
63.2413716570573
62.4239772043057
64.5435706139639
50.1145689498795
63.1220393198423
65.7811728792815
66.3701476332274
65.4257586158853
65.9933080362906
66.5892365013171
66.9721073333329
63.1220393198423
65.4960945113963
65.7292008219366
66.2360068193293
64.1982805075746
63.7969755989467
62.4406808346389
65.7811728792815
65.4960945113963
67.3759466097701
67.2687549441532
66.4173284242036
66.2364130873786
66.3263544094561
66.3701476332274
65.7292008219366
67.3759466097701
67.2704835977252
67.0712172629877
66.5518088908317
66.9389912412481
65.4257586158853
66.2360068193293
67.2687549441532
67.2704835977252
66.6155023091672
66.2154151264807
66.1792381809262
65.9933080362906
64.1982805075746
66.4173284242036
67.0712172629877
66.6155023091672
66.395860417978
66.8813196061537
66.5892365013171
63.7969755989467
66.2364130873786
66.5518088908317
66.2154151264807
66.395860417978
67.0563556283069
66.9721073333329
62.4406808346389
66.3263544094561
66.9389912412481
66.1792381809262
66.8813196061537
67.0563556283069
67.2674576954387
67.3570690916853
67.3149771884134
66.5636428566743
66.9395680323151
67.5185097739978
66.8167743295032
67.2674576954387
67.1075693571977
67.5557613016941
66.4099724206494
67.4015387274932
67.1416314331908
67.1426463162745
67.3570690916853
67.1075693571977
66.9907799702312
66.6169048412136
66.7478131474612
67.2780612784543
66.4959308140219
67.3149771884134
67.5557613016941
66.9907799702312
66.6314367287297
67.5171678656372
67.200981820512
67.2942014677641
66.5636428566743
66.4099724206494
66.6169048412136
66.6314367287297
66.5150477360775
66.8397762998322
66.6015036866678
66.9395680323151
67.4015387274932
66.7478131474612
67.5171678656372
66.5150477360775
66.9174662600803
67.1959810678972
67.5185097739978
67.1416314331908
67.2780612784543
67.200981820512
66.8397762998322
66.9174662600803
66.831036293117
66.8167743295032
67.1426463162745
66.4959308140219
67.2942014677641
66.6015036866678
67.1959810678972
66.831036293117
66.2110770725426
64.7290848373934
66.3753695547846
65.7407285969982
67.2916108414712
65.0996359773893
65.8903898269075
66.2110770725426
66.0989826201527
67.1666360611237
66.167397817421
66.8918533574069
66.0575005373188
66.3254389102137
64.7290848373934
66.0989826201527
66.6172427864981
66.8335554562027
65.2009636624294
67.1773531591692
66.3481781099174
66.3753695547846
67.1666360611237
66.6172427864981
66.4920453534571
67.0014135284347
66.3380843779961
65.8923288080196
65.7407285969982
66.167397817421
66.8335554562027
66.4920453534571
66.619196770787
67.304059620706
65.9934705890418
67.2916108414712
66.8918533574069
65.2009636624294
67.0014135284347
66.619196770787
66.2640118495823
65.7507114520707
65.0996359773893
66.0575005373188
67.1773531591692
66.3380843779961
67.304059620706
66.2640118495823
65.476108249314
65.8903898269075
66.3254389102137
66.3481781099174
65.8923288080196
65.9934705890418
65.7507114520707
65.476108249314
66.5776053063057
67.1910299047865
65.1530160647387
67.2975256813177
66.5953836191763
67.2628093884016
65.2415282659301
66.5776053063057
66.6585633678949
67.0761419276948
66.637871013746
67.2846191023555
66.6878065640188
66.7487756728481
