65.2460104651653
66.4478935183285
65.9304805291568
66.7201359245011
65.6688435599727
65.6914944113217
66.9898686243229
66.6112622717664
65.640270070339
66.6944142841588
65.5194691924033
66.7733716460287
65.6914944113217
65.4356690268259
65.3112604441706
66.8045791595337
65.9375478200774
66.7862146884942
64.8612034778215
66.9898686243229
65.4356690268259
65.0130139799447
67.1154474732577
63.856748654601
67.0230863008481
65.8600151054178
65.549431498762
62.9740489955237
65.0130139799447
65.0673632775922
63.9480425548556
63.9473704304322
65.1652807265101
63.2083585581713
62.5149289721416
67.1154474732577
65.0673632775922
63.837496185401
67.1547072024642
65.7067285520955
65.6677855866824
63.3907577149144
63.856748654601
63.9480425548556
63.837496185401
63.1369344154496
65.9542418122678
61.998649648423
65.9935977056006
67.0230863008481
63.9473704304322
67.1547072024642
63.1369344154496
65.7744037256624
65.926561967239
64.1260433751559
65.8600151054178
65.1652807265101
65.7067285520955
65.9542418122678
65.7744037256624
63.726608216776
66.0745414092262
65.549431498762
63.2083585581713
65.6677855866824
61.998649648423
65.926561967239
63.726608216776
48.6590669830952
62.9740489955237
62.5149289721416
63.3907577149144
65.9935977056006
64.1260433751559
66.0745414092262
48.6590669830952
61.7180704046149
49.7548273909504
63.7818856448212
54.9060888270534
64.6512770493346
54.9821765947781
57.8508134976549
61.7180704046149
51.8383108121387
62.990774261158
52.9794804221112
60.2025627417653
54.2107280379631
60.9010692896487
49.7548273909504
51.8383108121387
54.1009445255431
65.4125418322953
43.8224450621449
64.4316786297029
65.1110040971697
63.7818856448212
62.990774261158
54.1009445255431
60.7856246003527
65.6793095163601
61.1878281213154
59.8458802702775
54.9060888270534
52.9794804221112
65.4125418322953
60.7856246003527
54.5567087168525
65.7269336393688
64.4825025194523
64.6512770493346
60.2025627417653
43.8224450621449
65.6793095163601
54.5567087168525
56.0967322778537
57.9757299216965
54.9821765947781
54.2107280379631
64.4316786297029
61.1878281213154
65.7269336393688
56.0967322778537
64.3031650485214
57.8508134976549
60.9010692896487
65.1110040971697
59.8458802702775
64.4825025194523
57.9757299216965
64.3031650485214
65.7343722957714
67.1188099047202
64.8457391739044
66.7322540218843
65.1306181559792
65.8689949027866
65.2944197421854
65.7343722957714
65.0550400474073
65.2479060879837
64.9346220017829
65.7357133743969
64.5497580572673
66.1513222276503
67.1188099047202
65.0550400474073
64.035540416656
66.6695001044924
65.1673974170943
65.4622226321114
65.3510059144987
64.8457391739044
65.2479060879837
64.035540416656
65.990215870577
66.7391369825107
64.7091406837804
65.9621335545589
66.7322540218843
64.9346220017829
66.6695001044924
65.990215870577
66.0735700261961
65.5293484074855
65.3970086506698
65.1306181559792
65.7357133743969
65.1673974170943
66.7391369825107
66.0735700261961
64.5316570693358
66.7291353614184
65.8689949027866
64.5497580572673
65.4622226321114
64.7091406837804
65.5293484074855
64.5316570693358
63.3399171291077
65.2944197421854
66.1513222276503
65.3510059144987
65.9621335545589
65.3970086506698
66.7291353614184
63.3399171291077
59.4469148130832
64.4868916522348
62.7671903887541
65.5694688693916
63.0385240192017
64.387245133001
62.2793046359234
59.4469148130832
64.091468341386
65.9700695949311
64.917214907629
65.4741240159716
63.6782609336032
65.3894092527613
64.4868916522348
64.091468341386
63.6837605724439
66.438311721069
64.5680995904088
65.8924411929103
65.5427773067631
62.7671903887541
65.9700695949311
63.6837605724439
64.7606088039631
66.6894154617692
63.3843439203503
65.3692446986181
65.5694688693916
64.917214907629
66.438311721069
64.7606088039631
65.4445001416752
65.6819306217825
65.0590951793385
63.0385240192017
65.4741240159716
64.5680995904088
66.6894154617692
65.4445001416752
64.1563346733818
65.4565637215605
64.387245133001
63.6782609336032
65.8924411929103
63.3843439203503
65.6819306217825
64.1563346733818
62.7892720314905
62.2793046359234
65.3894092527613
65.5427773067631
65.3692446986181
65.0590951793385
65.4565637215605
62.7892720314905
63.1685640039277
65.3284646847734
64.3920409861032
65.5108237237631
58.8746953819837
64.2018141500292
62.4757307699978
63.1685640039277
60.0259771114434
64.7631858487101
64.0076955691681
62.303647437933
63.5071602903738
60.6464783076149
65.3284646847734
60.0259771114434
61.4230533029139
65.3239046404536
59.4058421743194
62.8331445062887
61.7287863253301
64.3920409861032
64.7631858487101
61.4230533029139
62.8042686483656
64.4867561279719
65.3509275743651
63.5980856136868
65.5108237237631
64.0076955691681
65.3239046404536
62.8042686483656
55.9844181963827
61.5928606259074
49.719154605295
58.8746953819837
62.303647437933
59.4058421743194
64.4867561279719
55.9844181963827
61.2241857523861
48.7427261430335
64.2018141500292
63.5071602903738
62.8331445062887
65.3509275743651
61.5928606259074
61.2241857523861
62.3346304883099
62.4757307699978
60.6464783076149
61.7287863253301
63.5980856136868
49.719154605295
48.7427261430335
62.3346304883099
43.4623446732698
60.1616649481231
32.6032068089487
35.8941156642367
39.3259988640073
39.3770992913441
27.6059440364713
43.4623446732698
43.4599190279518
46.8064293804818
61.0588411511143
44.0586936979665
51.1058861252109
31.2193477390313
60.1616649481231
43.4599190279518
35.0922520968124
37.941246947551
42.8414749042595
52.971762860511
38.1196182783534
32.6032068089487
46.8064293804818
35.0922520968124
61.5103576526857
65.6286001140138
39.4907807848741
62.1966683225138
35.8941156642367
61.0588411511143
37.941246947551
61.5103576526857
59.6898321995248
43.8997748204133
51.3558391206336
39.3259988640073
44.0586936979665
42.8414749042595
65.6286001140138
59.6898321995248
44.7501959670218
63.2216955553134
39.3770992913441
51.1058861252109
52.971762860511
39.4907807848741
43.8997748204133
44.7501959670218
33.2322142234397
27.6059440364713
31.2193477390313
38.1196182783534
62.1966683225138
51.3558391206336
63.2216955553134
33.2322142234397
66.3741664901688
67.0824979847557
66.1198825036771
66.4738956441356
66.6428443992036
66.2580701143382
65.0826301640028
66.3741664901688
65.8307260754617
67.1876108639228
65.8829532973618
66.9585034653267
66.1115903901929
65.0347510790235
67.0824979847557
65.8307260754617
65.3660500754258
66.7675668761422
65.6577775028399
65.7464406731103
64.4345651679703
66.1198825036771
67.1876108639228
65.3660500754258
65.4020597669658
67.3472826142281
66.3197804658299
65.7379746210425
66.4738956441356
65.8829532973618
66.7675668761422
65.4020597669658
65.4653140101791
65.0101487380844
65.0171654474794
66.6428443992036
66.9585034653267
65.6577775028399
67.3472826142281
65.4653140101791
66.6293577973476
65.590632877361
66.2580701143382
66.1115903901929
65.7464406731103
66.3197804658299
65.0101487380844
66.6293577973476
66.5543913634376
65.0826301640028
65.0347510790235
64.4345651679703
65.7379746210425
65.0171654474794
65.590632877361
66.5543913634376
51.2907345837621
65.2163767719225
58.8948866326239
65.0142599167316
57.9765837068404
61.5099827717513
55.6970527545992
51.2907345837621
61.6370199958623
67.3784806259691
63.2195840056148
66.6439248390267
51.9458353233993
67.0330431810314
65.2163767719225
61.6370199958623
62.3188757248752
66.643098133554
61.4999952418842
63.1834241753327
63.2075865176727
58.8948866326239
67.3784806259691
62.3188757248752
64.0698526032837
67.2493999912895
60.1863795301268
67.2811585131386
65.0142599167316
63.2195840056148
66.643098133554
64.0698526032837
63.224743130495
66.2648545618819
63.3402178922516
57.9765837068404
66.6439248390267
61.4999952418842
67.2493999912895
63.224743130495
54.6066890378607
67.2674814796967
61.5099827717513
51.9458353233993
63.1834241753327
60.1863795301268
66.2648545618819
54.6066890378607
52.4002360920494
55.6970527545992
67.0330431810314
63.2075865176727
67.2811585131386
63.3402178922516
67.2674814796967
52.4002360920494
66.0396194354189
64.6271450121619
66.7275016757162
65.3329164672432
66.1792197023006
66.1492471794961
61.9169444733772
66.0396194354189
64.806644882058
66.0353879046143
63.6468597681303
65.1746065285948
66.1914240722443
65.0528772664674
64.6271450121619
64.806644882058
64.0904528211463
65.2542550916702
61.6499893937995
66.0540699191789
64.3761176587012
66.7275016757162
66.0353879046143
64.0904528211463
64.242264316561
65.5780031254751
66.3009512263567
62.5389014386676
65.3329164672432
63.6468597681303
65.2542550916702
64.242264316561
62.0862324640549
65.8258740088134
58.9402144118515
66.1792197023006
65.1746065285948
61.6499893937995
65.5780031254751
62.0862324640549
65.7154574572958
52.9175594417468
66.1492471794961
66.1914240722443
66.0540699191789
66.3009512263567
65.8258740088134
65.7154574572958
64.8457046077773
61.9169444733772
65.0528772664674
64.3761176587012
62.5389014386676
58.9402144118515
52.9175594417468
64.8457046077773
66.2279657152083
67.3068605089304
66.928913183682
67.1178421043664
67.176057609503
67.008028735814
66.0734284484774
66.2279657152083
66.7369468035001
66.7045050447033
66.2960293208916
66.5600530707984
66.588454670234
64.8763932971166
67.3068605089304
66.7369468035001
67.2082773762282
67.11248208617
67.1425307731575
66.9779203687253
66.2355504330817
66.928913183682
66.7045050447033
67.2082773762282
66.9608869117132
67.0987039507744
66.8911118225742
65.8806256663025
67.1178421043664
66.2960293208916
67.11248208617
66.9608869117132
66.9703598268213
67.0687620374779
65.8818600275106
67.176057609503
66.5600530707984
67.1425307731575
67.0987039507744
66.9703598268213
66.804031503905
65.7337908555291
67.008028735814
66.588454670234
66.9779203687253
66.8911118225742
67.0687620374779
66.804031503905
65.4560589358903
66.0734284484774
64.8763932971166
66.2355504330817
65.8806256663025
65.8818600275106
65.7337908555291
65.4560589358903
65.341815118164
66.7130374757428
66.7024321432335
66.1030638452791
66.3648684080724
65.8088738563461
65.1501822017549
65.341815118164
65.0822226470171
65.0970283064305
64.1724838990141
64.1805390934669
61.9929145015005
66.7308549282399
66.7130374757428
65.0822226470171
66.4305959450345
66.1981317311481
66.5044480213251
66.2826647832566
64.5377555236299
66.7024321432335
65.0970283064305
66.4305959450345
66.231246082774
67.2179112429069
66.6553396580328
63.2655498597358
66.1030638452791
64.1724838990141
66.1981317311481
66.231246082774
65.4406472905977
66.4522439451423
63.1421380480602
66.3648684080724
64.1805390934669
66.5044480213251
67.2179112429069
65.4406472905977
66.3455710072352
63.630532308924
65.8088738563461
61.9929145015005
66.2826647832566
66.6553396580328
66.4522439451423
66.3455710072352
60.497214317382
65.1501822017549
66.7308549282399
64.5377555236299
63.2655498597358
63.1421380480602
63.630532308924
60.497214317382
64.7551733309758
64.1363997528838
65.2976979231742
63.6916105597412
54.5040633282136
66.8710871890377
66.2111190388729
64.7551733309758
65.7453435118976
67.0669724555853
65.7385002946832
63.6547126980235
65.3947026519795
65.5205869929581
64.1363997528838
65.7453435118976
65.9239999761835
63.4492484298677
52.4949707889341
65.7748814360888
65.9930622624018
65.2976979231742
67.0669724555853
65.9239999761835
66.8995443256884
65.677883712079
65.977293687814
64.7876035462657
63.6916105597412
65.7385002946832
63.4492484298677
66.8995443256884
66.1293674499635
64.7083748167878
62.2464354761181
54.5040633282136
63.6547126980235
52.4949707889341
65.677883712079
66.1293674499635
53.3908490691452
48.656238020717
66.8710871890377
65.3947026519795
65.7748814360888
65.977293687814
64.7083748167878
53.3908490691452
66.2758245350717
66.2111190388729
65.5205869929581
65.9930622624018
64.7876035462657
62.2464354761181
48.656238020717
66.2758245350717
64.0692364019514
65.8203953743038
64.442925337399
66.466176732172
66.2268429794458
66.8351771552408
64.7523038587755
64.0692364019514
64.8797808439785
65.2947151842539
63.9798815272513
62.9133625123966
62.1288960438947
63.6047991352441
65.8203953743038
64.8797808439785
64.591664551151
65.3915146050428
64.3905566263921
65.6142095127708
65.5569618090547
64.442925337399
65.2947151842539
64.591664551151
64.96385892954
66.4088875554517
64.9408716523975
66.5059540658417
66.466176732172
63.9798815272513
65.3915146050428
64.96385892954
64.3443518336017
66.0250765317828
63.3398689442113
66.2268429794458
62.9133625123966
64.3905566263921
66.4088875554517
64.3443518336017
65.11155229979
66.7948016700388
66.8351771552408
62.1288960438947
65.6142095127708
64.9408716523975
66.0250765317828
65.11155229979
64.3082939035788
64.7523038587755
63.6047991352441
65.5569618090547
66.5059540658417
63.3398689442113
66.7948016700388
64.3082939035788
65.9941387723913
66.0138951913726
66.3615247268917
66.8946605641126
65.1733400610564
66.7886906782254
65.7023351833521
65.9941387723913
66.7078283984233
66.7616468090433
66.5194677882898
66.0281878579309
66.5542423505657
65.2991049418424
66.0138951913726
66.7078283984233
67.0105590301106
66.6348523166934
66.5191129047023
66.5676256520018
66.0886590730298
66.3615247268917
66.7616468090433
67.0105590301106
66.7897774941866
66.3247829400901
66.6785879863373
65.611431621738
66.8946605641126
66.5194677882898
66.6348523166934
66.7897774941866
66.2479999716768
67.2280643816005
66.211648978649
65.1733400610564
66.0281878579309
66.5191129047023
66.3247829400901
66.2479999716768
66.0554593730086
67.2898230001616
66.7886906782254
66.5542423505657
66.5676256520018
66.6785879863373
67.2280643816005
66.0554593730086
65.7579939697144
65.7023351833521
65.2991049418424
66.0886590730298
65.611431621738
66.211648978649
67.2898230001616
65.7579939697144
65.6280785017485
66.5607549395206
66.0664832046879
66.1135279229765
65.4100363750998
67.1444598377557
66.1702481854679
65.6280785017485
64.2622435609976
66.473406426167
65.8625525513183
65.3053393923752
64.9670516225618
64.3002259941211
66.5607549395206
64.2622435609976
65.372399593623
65.2271390840293
64.4601880337571
66.4566327983124
65.4075338545284
66.0664832046879
66.473406426167
65.372399593623
65.5508683339033
66.011328432904
65.5639567112127
64.9594620887802
66.1135279229765
65.8625525513183
65.2271390840293
65.5508683339033
66.1787555033387
65.3038420843044
64.1971047499609
65.4100363750998
65.3053393923752
64.4601880337571
66.011328432904
66.1787555033387
63.8862319117448
62.489368071239
67.1444598377557
64.9670516225618
66.4566327983124
65.5639567112127
65.3038420843044
63.8862319117448
65.3829299706733
66.1702481854679
64.3002259941211
65.4075338545284
64.9594620887802
64.1971047499609
62.489368071239
65.3829299706733
66.2033499801307
67.2395128017445
67.2585253855722
65.9184915486604
66.1595542723706
66.3452684217306
66.5026159788955
66.2033499801307
66.336577001071
66.2109365017805
64.6988546520736
66.7159356206144
65.8528431863326
66.2581310374014
67.2395128017445
66.336577001071
66.9556671690683
65.9402646357977
66.0273542554227
66.4642327523162
66.3302948258798
67.2585253855722
66.2109365017805
66.9556671690683
66.6308734248234
66.2397095432802
66.6952857045436
66.7343849741323
65.9184915486604
64.6988546520736
65.9402646357977
66.6308734248234
65.9398078542959
67.3309742367508
66.9662766732995
66.1595542723706
66.7159356206144
66.0273542554227
66.2397095432802
65.9398078542959
66.5108332274104
67.2083543146305
66.3452684217306
65.8528431863326
66.4642327523162
66.6952857045436
67.3309742367508
66.5108332274104
66.9269441128808
66.5026159788955
66.2581310374014
66.3302948258798
66.7343849741323
66.9662766732995
67.2083543146305
66.9269441128808
66.4131017926937
66.7658646419997
66.1689628699774
66.3158646990026
66.6277622183958
66.816496589175
66.6059246930494
66.4131017926937
66.4319122589444
67.2098401386633
66.1296349209789
66.0635417724636
66.5961342499405
67.0605058865705
