67.3185844626092
67.677700739078
67.1360530092947
67.5998666270457
67.1577605744981
67.4697857924223
67.3006750524957
67.3185844626092
67.2822286327565
67.1550226773861
67.2088504125011
66.8552696669656
67.0795995148079
67.1559504822942
67.677700739078
67.2822286327565
66.9915717957475
67.6373992015062
67.2336067431327
67.4037798004005
67.2512744662561
67.1360530092947
67.1550226773861
66.9915717957475
66.8510498779673
66.9046264335282
67.157655723866
67.2575859638205
67.5998666270457
67.2088504125011
67.6373992015062
66.8510498779673
66.9821977471767
67.3881040076903
67.2074185437392
67.1577605744981
66.8552696669656
67.2336067431327
66.9046264335282
66.9821977471767
67.0232539889278
67.2383207465075
67.4697857924223
67.0795995148079
67.4037798004005
67.157655723866
67.3881040076903
67.0232539889278
67.1243870382141
67.3006750524957
67.1559504822942
67.2512744662561
67.2575859638205
67.2074185437392
67.2383207465075
67.1243870382141
46.6812662070688
65.2316836397
32.9754877430138
65.8211733280355
47.9640707948454
65.1824186893843
39.4079736461548
46.6812662070688
50.3830407403225
66.3269140911087
56.3397030180704
63.1301542884849
51.3431331425752
58.80912227116
65.2316836397
50.3830407403225
42.129777781633
67.2105342123845
55.401330420733
67.0490960572747
44.1927369166364
32.9754877430138
66.3269140911087
42.129777781633
45.4834066895818
63.3604138097912
43.4675061021411
62.2736479542533
65.8211733280355
56.3397030180704
67.2105342123845
45.4834066895818
59.5244036585285
66.9806536026479
44.8873634858362
47.9640707948454
63.1301542884849
55.401330420733
63.3604138097912
59.5244036585285
50.6312675362084
65.5618342047532
65.1824186893843
51.3431331425752
67.0490960572747
43.4675061021411
66.9806536026479
50.6312675362084
43.3794572182864
39.4079736461548
58.80912227116
44.1927369166364
62.2736479542533
44.8873634858362
65.5618342047532
43.3794572182864
66.2942701433319
67.3549760124701
66.686030983359
67.2615993030863
66.9581964143568
66.2542683863628
66.9146909053218
66.2942701433319
66.2442697331532
66.9752933791406
66.5875489627065
67.1509147734736
65.2967429540019
67.0896835832534
67.3549760124701
66.2442697331532
66.6243002893717
67.3144283131077
66.9182102206748
66.4484577952729
66.7498108982695
66.686030983359
66.9752933791406
66.6243002893717
66.7143317948106
67.1654450159432
65.4232635008584
67.0919934468963
67.2615993030863
66.5875489627065
67.3144283131077
66.7143317948106
67.1061285461801
66.7760750354913
66.8425234813249
66.9581964143568
67.1509147734736
66.9182102206748
67.1654450159432
67.1061285461801
66.6415092755643
67.4122252657865
66.2542683863628
65.2967429540019
66.4484577952729
65.4232635008584
66.7760750354913
66.6415092755643
66.0448978253963
66.9146909053218
67.0896835832534
66.7498108982695
67.0919934468963
66.8425234813249
67.4122252657865
66.0448978253963
50.4391043666162
64.5243227508652
37.0192738543075
56.1141992111188
61.0747976214064
59.3044762447391
56.469399401005
50.4391043666162
55.6807771879732
45.4467629454291
33.9410900852358
45.1518124304584
41.7029503152149
39.7884189674027
64.5243227508652
55.6807771879732
52.3284070623061
61.3034335642386
63.6290664900561
63.2850374715552
63.5087797624146
37.0192738543075
45.4467629454291
52.3284070623061
41.1284303256115
44.8048917363413
47.6705019570691
58.1639925344899
56.1141992111188
33.9410900852358
61.3034335642386
41.1284303256115
66.1631236728049
66.8486306567178
65.4245675226739
61.0747976214064
45.1518124304584
63.6290664900561
44.8048917363413
66.1631236728049
66.6348204692341
67.0716023757243
59.3044762447391
41.7029503152149
63.2850374715552
47.6705019570691
66.8486306567178
66.6348204692341
66.5823173527183
56.469399401005
39.7884189674027
63.5087797624146
58.1639925344899
65.4245675226739
67.0716023757243
66.5823173527183
66.2094780304351
67.2544608159185
65.8969580062389
66.7820936130808
62.0908289027554
66.9431776101292
66.1105893847782
66.2094780304351
66.0378778822579
66.9120955214041
65.8592437516779
64.3599284600646
66.2116208630881
67.0235967162526
67.2544608159185
66.0378778822579
64.6639819214
66.6958080687335
60.5326623970548
65.9290717342247
65.9001100487485
65.8969580062389
66.9120955214041
64.6639819214
65.5295321729529
64.1693753780702
66.165854295602
66.6267685247092
66.7820936130808
65.8592437516779
66.6958080687335
65.5295321729529
53.3574391890497
66.0883457627414
65.5524556187001
62.0908289027554
64.3599284600646
60.5326623970548
64.1693753780702
53.3574391890497
63.5319582702416
66.137584608966
66.9431776101292
66.2116208630881
65.9290717342247
66.165854295602
66.0883457627414
63.5319582702416
66.3981288394248
66.1105893847782
67.0235967162526
65.9001100487485
66.6267685247092
65.5524556187001
66.137584608966
66.3981288394248
51.9254677372489
65.7120949413824
59.9223961003734
58.7158427630662
49.3355882796121
52.0396306420441
48.332714056929
51.9254677372489
56.1449720512103
33.9656549422335
41.2260773034703
61.6590712563272
57.3082579099179
40.2655792808602
65.7120949413824
56.1449720512103
62.2747372732507
64.7306892289536
60.1826695980342
63.7188160235884
53.9726348835519
59.9223961003734
33.9656549422335
62.2747372732507
62.3391614706773
46.1336975507925
50.6327769478311
60.1878719117389
58.7158427630662
41.2260773034703
64.7306892289536
62.3391614706773
63.9111498396243
64.9342304185131
64.0259502347265
49.3355882796121
61.6590712563272
60.1826695980342
46.1336975507925
63.9111498396243
65.0035949527717
65.3817641998657
52.0396306420441
57.3082579099179
63.7188160235884
50.6327769478311
64.9342304185131
65.0035949527717
62.6082217321052
48.332714056929
40.2655792808602
53.9726348835519
60.1878719117389
64.0259502347265
65.3817641998657
62.6082217321052
66.7495100965151
66.8130989029667
66.6132221286694
67.1135096454031
66.3703458216968
66.4572705332648
66.5799461328378
66.7495100965151
66.2031558990155
67.244095941623
66.561566826971
67.127213131513
66.5263240224973
67.2388837457166
66.8130989029667
66.2031558990155
65.8017845900767
66.7574808453568
65.7407803408552
66.1279609924442
66.1503698101857
66.6132221286694
67.244095941623
65.8017845900767
66.5157612366481
67.1335432526956
66.4588366140344
66.9245629746296
67.1135096454031
66.561566826971
66.7574808453568
66.5157612366481
66.1082056332701
67.0355254625186
65.9983071196666
66.3703458216968
67.127213131513
65.7407803408552
67.1335432526956
66.1082056332701
66.0316068973112
67.0988724780256
66.4572705332648
66.5263240224973
66.1279609924442
66.4588366140344
67.0355254625186
66.0316068973112
65.6588606747619
66.5799461328378
67.2388837457166
66.1503698101857
66.9245629746296
65.9983071196666
67.0988724780256
65.6588606747619
63.7680878430601
66.7547594608245
64.6152432509891
65.9804543423597
63.081117157729
65.9165467483366
64.2088290212227
63.7680878430601
63.6447233781988
66.4327386460277
64.2767039645152
66.2429891545114
64.9906515190884
66.3754919057959
66.7547594608245
63.6447233781988
64.1836642447548
66.566805871855
63.8928599590512
67.1149272976094
64.0889132276437
64.6152432509891
66.4327386460277
64.1836642447548
64.7083651917605
66.9966582852943
65.0434313728718
67.1089717137938
65.9804543423597
64.2767039645152
66.566805871855
64.7083651917605
64.3203805636466
66.0498389346307
64.2336760626401
63.081117157729
66.2429891545114
63.8928599590512
66.9966582852943
64.3203805636466
64.2572964986733
67.0169658482417
65.9165467483366
64.9906515190884
67.1149272976094
65.0434313728718
66.0498389346307
64.2572964986733
64.8694752040814
64.2088290212227
66.3754919057959
64.0889132276437
67.1089717137938
64.2336760626401
67.0169658482417
64.8694752040814
59.8976964676834
66.565339058926
49.0213520340367
66.4759235189655
56.6310063273075
66.6702441887309
61.2203677351842
59.8976964676834
52.4962758213824
64.5977441308672
58.6855165589908
59.6079386985058
58.3229978084693
65.4342335187509
66.565339058926
52.4962758213824
44.7185781511972
66.8151645133349
51.2053319340169
66.4068242439758
58.980846642276
49.0213520340367
64.5977441308672
44.7185781511972
48.9960418868806
63.4635321936094
57.7558237142542
65.0769503241261
66.4759235189655
58.6855165589908
66.8151645133349
48.9960418868806
58.3621253700439
66.4617803022591
62.4681018995713
56.6310063273075
59.6079386985058
51.2053319340169
63.4635321936094
58.3621253700439
57.6902895466416
63.7051749212444
66.6702441887309
58.3229978084693
66.4068242439758
57.7558237142542
66.4617803022591
57.6902895466416
63.1585790757502
61.2203677351842
65.4342335187509
58.980846642276
65.0769503241261
62.4681018995713
63.7051749212444
63.1585790757502
44.3836318501486
59.4028143540758
36.4632469053214
59.4906991691884
31.9625544119869
58.6731071172123
34.4980197867884
44.3836318501486
64.5808935987862
64.4775965789482
64.033557584559
64.1205116083359
63.6274456600013
65.0609749297737
59.4028143540758
64.5808935987862
63.8693324381327
67.0758607592704
64.8804494647906
67.1596383523544
64.2951201157897
36.4632469053214
64.4775965789482
63.8693324381327
64.5355377837521
66.739064826548
63.1973337175165
66.1904285602702
59.4906991691884
64.033557584559
67.0758607592704
64.5355377837521
64.3727688163443
66.7067087813228
65.0768414558952
31.9625544119869
64.1205116083359
64.8804494647906
66.739064826548
64.3727688163443
63.6675025780335
66.5556327800564
58.6731071172123
63.6274456600013
67.1596383523544
63.1973337175165
66.7067087813228
63.6675025780335
63.8536602701409
34.4980197867884
65.0609749297737
64.2951201157897
66.1904285602702
65.0768414558952
66.5556327800564
63.8536602701409
65.4463690423585
65.0145519351194
65.5762314725473
64.2922261109602
66.14357400147
65.656965855873
66.4222696123284
65.4463690423585
66.2543050303721
62.3344882871707
65.5005476413347
66.5217146325015
66.2258356668807
65.676249383733
65.0145519351194
66.2543050303721
63.5310164640758
66.855714693129
65.9034124484018
66.9402437958325
64.864305449577
65.5762314725473
62.3344882871707
63.5310164640758
61.6051538747218
65.7680563477196
65.2749268342264
65.664109261162
64.2922261109602
65.5005476413347
66.855714693129
61.6051538747218
65.4818029697756
66.9294444690788
64.4025865309123
66.14357400147
66.5217146325015
65.9034124484018
65.7680563477196
65.4818029697756
66.0820298750588
66.7716210977865
65.656965855873
66.2258356668807
66.9402437958325
65.2749268342264
66.9294444690788
66.0820298750588
65.8748187462231
66.4222696123284
65.676249383733
64.864305449577
65.664109261162
64.4025865309123
66.7716210977865
65.8748187462231
28.6495640408263
44.9955442712615
26.2380175609895
42.5878730029995
29.2378267107549
25.2401245206481
10.2778904423924
28.6495640408263
50.2710791592415
40.3352520397034
49.3566099188691
33.9895248818315
39.8282101704041
12.1338048593966
44.9955442712615
50.2710791592415
39.0939746592582
64.969019573669
30.9467954431254
44.9744431978533
12.1859875335952
26.2380175609895
40.3352520397034
39.0939746592582
53.5604037008931
59.5268302639494
62.0561148250667
28.0268756554403
42.5878730029995
49.3566099188691
64.969019573669
53.5604037008931
36.3649066077427
48.794767981325
7.8479918178254
29.2378267107549
33.9895248818315
30.9467954431254
59.5268302639494
36.3649066077427
48.7013739656213
38.8220211059827
25.2401245206481
39.8282101704041
44.9744431978533
62.0561148250667
48.794767981325
48.7013739656213
25.8760159030657
10.2778904423924
12.1338048593966
12.1859875335952
28.0268756554403
7.8479918178254
38.8220211059827
25.8760159030657
62.5325678347359
67.2142030258323
65.3225935707068
67.0278545865505
65.8644561593445
64.3841201502033
64.5984889569472
62.5325678347359
63.148412602208
64.6082172208255
64.4872974947569
62.2854765594193
61.2305475749098
63.5331465404961
67.2142030258323
63.148412602208
65.4108759456826
67.252788378447
66.2879435777945
64.983072233601
65.5281028428953
65.3225935707068
64.6082172208255
65.4108759456826
65.8407206687458
65.9920508657757
65.0350863946805
65.9694202009785
67.0278545865505
64.4872974947569
67.252788378447
65.8407206687458
65.995683106825
65.3704466333599
65.32041231826
65.8644561593445
62.2854765594193
66.2879435777945
65.9920508657757
65.995683106825
63.3352208230272
65.8994137933071
64.3841201502033
61.2305475749098
64.983072233601
65.0350863946805
65.3704466333599
63.3352208230272
63.558156884147
64.5984889569472
63.5331465404961
65.5281028428953
65.9694202009785
65.32041231826
65.8994137933071
63.558156884147
63.0600096080876
62.5253177479871
61.8770383023303
48.122963699436
64.0404891345568
63.8381042285889
61.4024589185924
63.0600096080876
62.7468656825684
64.56823077883
42.1657959082952
64.1110466636871
53.7958792392943
64.5990805040355
62.5253177479871
62.7468656825684
60.8141170654045
58.1219297914792
64.653924613915
61.8560338318113
63.3764927800712
61.8770383023303
64.56823077883
60.8141170654045
46.598447433734
64.2321479045766
63.4526926926469
65.6697960260174
48.122963699436
42.1657959082952
58.1219297914792
46.598447433734
57.1988356651108
57.7799217716795
58.6853273219755
64.0404891345568
64.1110466636871
64.653924613915
64.2321479045766
57.1988356651108
63.7640830433935
66.755875784598
63.8381042285889
53.7958792392943
61.8560338318113
63.4526926926469
57.7799217716795
63.7640830433935
65.3589534968618
61.4024589185924
64.5990805040355
63.3764927800712
65.6697960260174
58.6853273219755
66.755875784598
65.3589534968618
65.4290410091017
67.6439490340188
66.8102228875805
67.6299618937094
66.9451217701716
67.2929042560027
66.5094690184072
65.4290410091017
64.2883884025022
66.0645724386628
65.2332757455775
66.9284068152583
62.8666288276123
56.7060851715357
67.6439490340188
64.2883884025022
66.4803134740996
67.4923247533849
66.7716818720677
67.3046365975123
66.3542961924003
66.8102228875805
66.0645724386628
66.4803134740996
66.5932448838698
67.6114326753917
66.6781447556722
66.4187221476133
67.6299618937094
65.2332757455775
67.4923247533849
66.5932448838698
66.7692156730713
67.2163341944762
66.1160542536791
66.9451217701716
66.9284068152583
66.7716818720677
67.6114326753917
66.7692156730713
66.6534627106187
66.410114993656
67.2929042560027
62.8666288276123
67.3046365975123
66.6781447556722
67.2163341944762
66.6534627106187
66.5237383881154
66.5094690184072
56.7060851715357
66.3542961924003
66.4187221476133
66.1160542536791
66.410114993656
66.5237383881154
45.451117454568
52.8322201798465
52.3042066919651
57.0012326588345
56.4830507664532
54.2214451989055
47.7427346849285
45.451117454568
63.5475360551222
63.0844143580842
63.2525810516672
62.8610254457115
65.0557080290639
54.5139138695059
52.8322201798465
63.5475360551222
65.1115408107523
66.7409619150284
66.1696129894138
65.4661044677867
64.6471563082769
52.3042066919651
63.0844143580842
65.1115408107523
66.2260546395773
65.9266023581492
64.0074125966334
64.7583700430358
57.0012326588345
63.2525810516672
66.7409619150284
66.2260546395773
66.3967971913623
66.0444933985303
65.2586805638156
56.4830507664532
62.8610254457115
66.1696129894138
65.9266023581492
66.3967971913623
64.8164999538771
65.4642565955833
54.2214451989055
65.0557080290639
65.4661044677867
64.0074125966334
66.0444933985303
64.8164999538771
64.758574820519
47.7427346849285
54.5139138695059
64.6471563082769
64.7583700430358
65.2586805638156
65.4642565955833
64.758574820519
64.2809924407559
66.6529622250117
64.664687798472
65.8756793657936
65.2460104651653
66.6112622717664
65.3112604441706
64.2809924407559
65.2395315520429
66.7676180302805
65.5869559601557
66.4478935183285
65.640270070339
66.8045791595337
66.6529622250117
65.2395315520429
65.3867550818332
65.8670637207848
65.9304805291568
66.6944142841588
65.9375478200774
64.664687798472
66.7676180302805
65.3867550818332
64.530159124783
66.7201359245011
65.5194691924033
66.7862146884942
65.8756793657936
65.5869559601557
65.8670637207848
64.530159124783
65.6688435599727
66.7733716460287
64.8612034778215
