67.1910299047865
66.6585633678949
66.5035153870799
67.4032287217415
66.7289241605383
67.214834171269
65.8153390349075
65.1530160647387
67.0761419276948
66.5035153870799
65.6552086384729
67.302422391486
65.7919400148049
66.5876216697896
67.2975256813177
66.637871013746
67.4032287217415
65.6552086384729
66.7064225138975
67.257192899933
65.3669689567029
66.5953836191763
67.2846191023555
66.7289241605383
67.302422391486
66.7064225138975
66.7372241841995
66.6628585122252
67.2628093884016
66.6878065640188
67.214834171269
65.7919400148049
67.257192899933
66.7372241841995
65.4460827639959
65.2415282659301
66.7487756728481
65.8153390349075
66.5876216697896
65.3669689567029
66.6628585122252
65.4460827639959
67.0824686459142
67.587252936557
67.4300283793554
67.5187884274644
67.302318566135
67.4739582365915
67.4278681830817
67.0824686459142
66.995057033394
67.3331582828325
66.9401755154047
66.765778788986
66.7475135655991
66.8276892783601
67.587252936557
66.995057033394
65.9054985401741
67.5900148723502
67.3978424230968
66.0293240493796
67.3053178841558
67.4300283793554
67.3331582828325
65.9054985401741
67.2724865945216
67.274410224111
64.563042079035
67.238108953886
67.5187884274644
66.9401755154047
67.5900148723502
67.2724865945216
67.360178199013
67.3970251408524
67.2050732760776
67.302318566135
66.765778788986
67.3978424230968
67.274410224111
67.360178199013
67.2906962303544
67.2794255413857
67.4739582365915
66.7475135655991
66.0293240493796
64.563042079035
67.3970251408524
67.2906962303544
67.2087704407155
67.4278681830817
66.8276892783601
67.3053178841558
67.238108953886
67.2050732760776
67.2794255413857
67.2087704407155
51.8644316450586
43.4551228654849
42.7949849360623
52.0381419704282
63.9661114397572
64.62775935371
58.2266520811818
51.8644316450586
64.3452624148639
64.4292072482199
63.0418099018597
62.8009791243384
60.0484035482728
62.8465400706258
43.4551228654849
64.3452624148639
63.9733408495547
52.4505583322407
57.2951043740649
59.7118514956981
63.3794158344254
42.7949849360623
64.4292072482199
63.9733408495547
59.2199816146867
51.8501951674904
57.3376903498319
63.3675427317607
52.0381419704282
63.0418099018597
52.4505583322407
59.2199816146867
56.8588249201548
60.1268850013014
59.3284660656828
63.9661114397572
62.8009791243384
57.2951043740649
51.8501951674904
56.8588249201548
65.4722463899209
64.7613984488261
64.62775935371
60.0484035482728
59.7118514956981
57.3376903498319
60.1268850013014
65.4722463899209
63.8635332115049
58.2266520811818
62.8465400706258
63.3794158344254
63.3675427317607
59.3284660656828
64.7613984488261
63.8635332115049
66.0501899076281
67.228293333532
67.0080339220456
67.2485726932992
66.8434068241431
66.7651346713608
66.3927409066778
66.0501899076281
65.6088423427999
66.6576243657703
65.8139261701598
66.6884340060796
65.5200399101046
65.9834751241216
67.228293333532
65.6088423427999
66.9679029625223
67.1046395905601
66.5050970670573
66.5790291860174
66.6614670706254
67.0080339220456
66.6576243657703
66.9679029625223
66.9756347367753
67.104689163034
67.1124070271948
67.0562272935051
67.2485726932992
65.8139261701598
67.1046395905601
66.9756347367753
66.8486634477872
66.5963968071136
66.8613851016492
66.8434068241431
66.6884340060796
66.5050970670573
67.104689163034
66.8486634477872
66.597099724239
66.8707568558525
66.7651346713608
65.5200399101046
66.5790291860174
67.1124070271948
66.5963968071136
66.597099724239
66.7542225947605
66.3927409066778
65.9834751241216
66.6614670706254
67.0562272935051
66.8613851016492
66.8707568558525
66.7542225947605
54.1947004132979
61.4138926308022
61.4597157916258
63.6911891366025
62.1784518039154
65.4782051217217
62.7560156684848
54.1947004132979
60.2271916757221
66.5454812403545
63.2026374950583
66.9311575339261
65.7253130632504
65.658381932122
61.4138926308022
60.2271916757221
61.0635805273657
63.4096105920446
61.5596870238301
64.6490968428885
60.0786204425546
61.4597157916258
66.5454812403545
61.0635805273657
63.3886414553836
64.8438944083395
66.8293771235913
65.3440848746292
63.6911891366025
63.2026374950583
63.4096105920446
63.3886414553836
63.5983739695608
66.7587589310394
64.533902877545
62.1784518039154
66.9311575339261
61.5596870238301
64.8438944083395
63.5983739695608
66.9103041556859
65.5877717838346
65.4782051217217
65.7253130632504
64.6490968428885
66.8293771235913
66.7587589310394
66.9103041556859
66.9626718037542
62.7560156684848
65.658381932122
60.0786204425546
65.3440848746292
64.533902877545
65.5877717838346
66.9626718037542
59.3529893982375
64.2999989439194
60.2642827524274
61.1795546727956
50.0565133266946
62.1661540297985
47.4052526701683
59.3529893982375
57.0041223638409
60.7284188365848
50.5423169898724
37.811940166131
55.4328339597051
43.5529726573488
64.2999989439194
57.0041223638409
59.6272289447933
58.0807398812907
43.6064056902062
62.0217018754327
48.5818318951085
60.2642827524274
60.7284188365848
59.6272289447933
53.5711126835674
63.8071467176621
65.6697145929184
64.8151917423345
61.1795546727956
50.5423169898724
58.0807398812907
53.5711126835674
34.1233453124366
53.0467365591498
34.176332453482
50.0565133266946
37.811940166131
43.6064056902062
63.8071467176621
34.1233453124366
64.6380868365353
55.0369952197139
62.1661540297985
55.4328339597051
62.0217018754327
65.6697145929184
53.0467365591498
64.6380868365353
63.9221189670864
47.4052526701683
43.5529726573488
48.5818318951085
64.8151917423345
34.176332453482
55.0369952197139
63.9221189670864
66.6217836618839
66.6410893838858
66.5671843990362
66.7625571161871
66.2899904570179
66.3901517101019
66.9513540356652
66.6217836618839
67.0555832720313
65.1783091125926
67.0588082535944
66.0745025058797
65.6422917701488
64.8994692381667
66.6410893838858
67.0555832720313
66.9140903585756
67.3344077137569
66.4775326001879
67.0794632573443
67.1611959813785
66.5671843990362
65.1783091125926
66.9140903585756
66.9087132176507
65.7733294400099
65.3763406966061
64.5198085103073
66.7625571161871
67.0588082535944
67.3344077137569
66.9087132176507
66.406355486801
67.2919064111156
67.2238716898491
66.2899904570179
66.0745025058797
66.4775326001879
65.7733294400099
66.406355486801
66.3515836307476
65.8618069207702
66.3901517101019
65.6422917701488
67.0794632573443
65.3763406966061
67.2919064111156
66.3515836307476
65.4735296156959
66.9513540356652
64.8994692381667
67.1611959813785
64.5198085103073
67.2238716898491
65.8618069207702
65.4735296156959
66.7580244366357
66.7343869897058
66.7243420289576
66.973720202098
66.8577911111162
66.7896753792917
66.3042854396584
66.7580244366357
67.0726691585336
67.4931952279514
66.9446002538533
67.4923034672441
67.108305511581
67.2226808955459
66.7343869897058
67.0726691585336
67.0286874938242
67.4794064030422
67.0083223003879
67.2905369219075
66.7327740240414
66.7243420289576
67.4931952279514
67.0286874938242
67.0724368049779
66.3449522171256
66.797677507021
66.376850707338
66.973720202098
66.9446002538533
67.4794064030422
67.0724368049779
67.0250054821929
67.2124522559111
66.6622401515654
66.8577911111162
67.4923034672441
67.0083223003879
66.3449522171256
67.0250054821929
66.9072289936628
64.6523613808318
66.7896753792917
67.108305511581
67.2905369219075
66.797677507021
67.2124522559111
66.9072289936628
66.6261654086449
66.3042854396584
67.2226808955459
66.7327740240414
66.376850707338
66.6622401515654
64.6523613808318
66.6261654086449
62.6194870524032
65.0105752933374
65.4608176965112
66.1773220275036
64.3852446599095
65.5566569140325
64.037926343256
62.6194870524032
65.4760783193142
65.6812043828694
65.3000378051641
63.8928767103778
65.5113015233381
65.6814440097908
65.0105752933374
65.4760783193142
67.1636489779054
65.5749813952448
65.7703048289386
66.9668920722493
66.6568510483827
65.4608176965112
65.6812043828694
67.1636489779054
65.1635665888989
66.3264930184218
67.0909673476907
66.972577094653
66.1773220275036
65.3000378051641
65.5749813952448
65.1635665888989
65.8668000198222
64.2828352619189
65.5718751621607
64.3852446599095
63.8928767103778
65.7703048289386
66.3264930184218
65.8668000198222
66.356218377594
65.6880125747144
65.5566569140325
65.5113015233381
66.9668920722493
67.0909673476907
64.2828352619189
66.356218377594
66.4127369017536
64.037926343256
65.6814440097908
66.6568510483827
66.972577094653
65.5718751621607
65.6880125747144
66.4127369017536
67.3815602493241
67.560966781635
67.4725676104547
67.3667492335357
67.4884953204532
67.5533837883142
67.3845628681439
67.3815602493241
67.3510256518664
64.9679091877039
64.076335316434
67.5289141195532
64.6423942184517
67.5220495761918
67.560966781635
67.3510256518664
67.3616958153669
67.2886098010576
67.2607233338536
67.6550121068588
67.3862677683468
67.4725676104547
64.9679091877039
67.3616958153669
64.5205962489024
67.4284766644995
64.8148269663524
67.5106991043599
67.3667492335357
64.076335316434
67.2886098010576
64.5205962489024
67.3498227326988
64.6015542815359
67.3892670229096
67.4884953204532
67.5289141195532
67.2607233338536
67.4284766644995
67.3498227326988
67.3383340935432
67.5723935084307
67.5533837883142
64.6423942184517
67.6550121068588
64.8148269663524
64.6015542815359
67.3383340935432
67.47434038584
67.3845628681439
67.5220495761918
67.3862677683468
67.5106991043599
67.3892670229096
67.5723935084307
67.47434038584
66.4230568188631
67.0301467325348
66.9595814164509
66.8150114874256
66.9193591542919
67.0858782728065
66.813242192499
66.4230568188631
66.0503227127803
67.4978849352139
66.2418112947716
67.3648810621019
66.2032586588828
67.4469436246862
67.0301467325348
66.0503227127803
66.7934592767573
67.3891901922464
66.0411085178455
66.986737494005
66.7641272106518
66.9595814164509
67.4978849352139
66.7934592767573
66.837020520895
67.3859956120309
66.81111031239
67.7673364396572
66.8150114874256
66.2418112947716
67.3891901922464
66.837020520895
66.3773628945366
66.7649428300105
64.5216558310274
66.9193591542919
67.3648810621019
66.0411085178455
67.3859956120309
66.3773628945366
66.61618665574
67.5181589501082
67.0858782728065
66.2032586588828
66.986737494005
66.81111031239
66.7649428300105
66.61618665574
66.7425768687552
66.813242192499
67.4469436246862
66.7641272106518
67.7673364396572
64.5216558310274
67.5181589501082
66.7425768687552
65.3212512353785
64.7247891909636
64.5273369668224
64.5906748572394
64.5701155119128
67.1001479887253
64.2689854764134
65.3212512353785
65.5586104420609
65.3966835209154
65.3869185652641
65.2691669056224
67.546553373722
65.2491374739028
64.7247891909636
65.5586104420609
64.4391008967025
65.0266415858599
64.6065984543449
67.5046554912027
64.6489591991221
64.5273369668224
65.3966835209154
64.4391008967025
64.3804295256656
64.6931541516841
67.0662977484211
64.3419481803155
64.5906748572394
65.3869185652641
65.0266415858599
64.3804295256656
64.6080703814089
67.4332170195232
64.4579132195673
64.5701155119128
65.2691669056224
64.6065984543449
64.6931541516841
64.6080703814089
67.0508145015153
64.4843628699464
67.1001479887253
67.546553373722
67.5046554912027
67.0662977484211
67.4332170195232
67.0508145015153
67.2690881715529
64.2689854764134
65.2491374739028
64.6489591991221
64.3419481803155
64.4579132195673
64.4843628699464
67.2690881715529
65.8653337832913
63.0501121562887
66.8210246485759
64.1561282369362
65.3763791419882
64.8218802440087
64.3649163661355
65.8653337832913
66.0403899582052
66.9909210320539
66.9698543205865
67.1727310882466
66.493186497483
66.8801283702767
63.0501121562887
66.0403899582052
65.8722361695727
63.9848085036014
64.9115491160799
63.2027229107713
63.5775155432446
66.8210246485759
66.9909210320539
65.8722361695727
67.362711889881
67.6359176153801
67.0605131765006
67.4222604160584
64.1561282369362
66.9698543205865
63.9848085036014
67.362711889881
65.7325248144959
64.9561941831467
64.4990249168289
65.3763791419882
67.1727310882466
64.9115491160799
67.6359176153801
65.7325248144959
66.0336945274329
65.82599659479
64.8218802440087
66.493186497483
63.2027229107713
67.0605131765006
64.9561941831467
66.0336945274329
65.1116013040086
64.3649163661355
66.8801283702767
63.5775155432446
67.4222604160584
64.4990249168289
65.82599659479
65.1116013040086
65.2559636183154
66.3233417337228
65.4674509580208
66.7148850080542
65.7025200176821
66.4050735863092
67.0372391295098
65.2559636183154
65.2626979418056
65.5831256164518
65.3653307480158
65.1530795523684
63.3056439408301
66.2649738587615
66.3233417337228
65.2626979418056
67.1444871020303
67.0126131937787
64.3429591592114
65.6161784976272
66.7495455200452
65.4674509580208
65.5831256164518
67.1444871020303
66.4626727250511
59.3395239013324
65.5592951190505
66.446838787989
66.7148850080542
65.3653307480158
67.0126131937787
66.4626727250511
65.8373656958384
66.0825003534136
67.098011041999
65.7025200176821
65.1530795523684
64.3429591592114
59.3395239013324
65.8373656958384
65.373404146731
66.8016229190317
66.4050735863092
63.3056439408301
65.6161784976272
65.5592951190505
66.0825003534136
65.373404146731
66.7876929739445
67.0372391295098
66.2649738587615
66.7495455200452
66.446838787989
67.098011041999
66.8016229190317
66.7876929739445
66.6357292925332
66.5028852470796
67.1892251929982
67.081985158639
67.4046684489807
67.178704256392
67.2021936097931
66.6357292925332
65.1548020455764
67.4805920455694
66.216504452712
67.3074111430689
65.7711779355592
66.6372964271903
66.5028852470796
65.1548020455764
66.0531417782106
65.1792627704409
66.3767832017128
65.7807886017092
65.7389877712575
67.1892251929982
67.4805920455694
66.0531417782106
66.5515916182851
67.5577713820739
66.6697411148638
67.1664847843986
67.081985158639
66.216504452712
65.1792627704409
66.5515916182851
66.9813266827905
67.1485032604332
67.2843274189421
67.4046684489807
67.3074111430689
66.3767832017128
67.5577713820739
66.9813266827905
66.8111011844441
67.3591853642057
67.178704256392
65.7711779355592
65.7807886017092
66.6697411148638
67.1485032604332
66.8111011844441
67.1006172728546
67.2021936097931
66.6372964271903
65.7389877712575
67.1664847843986
67.2843274189421
67.3591853642057
67.1006172728546
64.2562983305514
67.2211255668786
66.1269515941885
65.0910965363924
66.5634385162596
66.7710474509457
65.5629200494511
64.2562983305514
67.0699099745605
67.2334729814072
65.2760589025885
67.3883359663059
67.283106863049
65.9891557441578
67.2211255668786
67.0699099745605
66.6466256121595
67.4092221605152
67.3623248773268
67.1605122576875
66.8493196204789
66.1269515941885
67.2334729814072
66.6466256121595
67.2672057035302
66.9658283369306
67.2225807987649
67.4595301598288
65.0910965363924
65.2760589025885
67.4092221605152
67.2672057035302
67.3625841669617
67.3534027478771
66.8515729411988
66.5634385162596
67.3883359663059
67.3623248773268
66.9658283369306
67.3625841669617
66.9288417365531
67.1145953320404
66.7710474509457
67.283106863049
67.1605122576875
67.2225807987649
67.3534027478771
66.9288417365531
67.2336274033625
65.5629200494511
65.9891557441578
66.8493196204789
67.4595301598288
66.8515729411988
67.1145953320404
67.2336274033625
47.7966216750411
56.7143832348679
54.9105328180317
55.8567730867353
55.6893061911413
48.8523793465816
64.1823271824895
47.7966216750411
50.2072068188254
52.6112599166113
49.5147836702575
60.2951875215939
52.6684671357391
61.3450142019441
56.7143832348679
50.2072068188254
57.0492565016638
65.2058300554492
62.049302902907
63.5865488860344
63.209403795519
54.9105328180317
52.6112599166113
57.0492565016638
63.7273743300218
65.6046044337511
63.3579827842406
65.1775895494636
55.8567730867353
49.5147836702575
65.2058300554492
63.7273743300218
64.5034078858451
65.8531839595186
64.0051962559216
55.6893061911413
60.2951875215939
62.049302902907
65.6046044337511
64.5034078858451
63.7135092967901
65.0238482215561
48.8523793465816
52.6684671357391
63.5865488860344
63.3579827842406
65.8531839595186
63.7135092967901
63.0451273710757
64.1823271824895
61.3450142019441
63.209403795519
65.1775895494636
64.0051962559216
65.0238482215561
63.0451273710757
