66.5412860787178
62.8443144410108
66.1820153617375
65.869117518419
66.4704941210597
65.7801611107726
66.5549128802314
66.5412860787178
66.6002613599673
67.0085836159695
67.2674069463177
67.1892824504021
67.3063631436062
67.157360281811
62.8443144410108
66.6002613599673
65.7770788999981
65.7532541080055
66.141879349404
66.9606336456666
66.3258866148622
66.1820153617375
67.0085836159695
65.7770788999981
66.9542700570144
67.3109818097552
66.9931774857968
67.3282223549802
65.869117518419
67.2674069463177
65.7532541080055
66.9542700570144
67.1891798591454
66.0032705112741
67.0772475388672
66.4704941210597
67.1892824504021
66.141879349404
67.3109818097552
67.1891798591454
67.193468347901
67.3183598852773
65.7801611107726
67.3063631436062
66.9606336456666
66.9931774857968
66.0032705112741
67.193468347901
67.1147593157232
66.5549128802314
67.157360281811
66.3258866148622
67.3282223549802
67.0772475388672
67.3183598852773
67.1147593157232
65.9296333598093
65.6791169251434
64.9155675078701
64.6102009571199
65.7426726904102
65.4855134571737
66.3141624830843
65.9296333598093
66.1053618595346
66.9530697018536
65.0502349085028
67.3437291522463
66.1839371345752
67.4929726019168
65.6791169251434
66.1053618595346
66.8960750156453
67.2025333909395
65.7788136679663
67.3074905373896
66.7232484782736
64.9155675078701
66.9530697018536
66.8960750156453
66.7197732826397
66.2878905947989
66.838970497598
67.0837873729716
64.6102009571199
65.0502349085028
67.2025333909395
66.7197732826397
64.9701609704614
67.142709712163
66.2094822603416
65.7426726904102
67.3437291522463
65.7788136679663
66.2878905947989
64.9701609704614
65.5012203398265
67.369635615547
65.4855134571737
66.1839371345752
67.3074905373896
66.838970497598
67.142709712163
65.5012203398265
66.3784071798221
66.3141624830843
67.4929726019168
66.7232484782736
67.0837873729716
66.2094822603416
67.369635615547
66.3784071798221
65.7704350040616
66.671848361275
66.666720390941
66.6401854851795
66.8439547855539
66.5905629069922
66.3528376381157
65.7704350040616
65.8266428753521
66.7170906496506
65.4123126782708
66.8389394319205
65.652236745401
66.6583471696288
66.671848361275
65.8266428753521
66.3887807341357
67.1936918992622
66.6144099784469
67.2713910375045
66.382931462969
66.666720390941
66.7170906496506
66.3887807341357
66.0800713314176
67.1142876152977
66.7518346886493
66.8974670264739
66.6401854851795
65.4123126782708
67.1936918992622
66.0800713314176
66.3974284144801
67.1445526122397
65.9370808939224
66.8439547855539
66.8389394319205
66.6144099784469
67.1142876152977
66.3974284144801
66.5771250952784
66.8945554966301
66.5905629069922
65.652236745401
67.2713910375045
66.7518346886493
67.1445526122397
66.5771250952784
66.394417725948
66.3528376381157
66.6583471696288
66.382931462969
66.8974670264739
65.9370808939224
66.8945554966301
66.394417725948
65.2486782203192
63.7668519394886
65.6667704215606
65.6976772570563
61.8071646051314
66.5491005952591
63.9489943241386
65.2486782203192
62.2103714885734
66.9532732838018
63.7081559432544
62.4830243948517
65.5591527391468
62.8846795988874
63.7668519394886
62.2103714885734
63.9901790776564
59.7315991607735
58.7731375226874
64.439724573229
64.3363406705098
65.6667704215606
66.9532732838018
63.9901790776564
64.9583349164387
58.1466100939668
65.2638700001214
62.2275267078948
65.6976772570563
63.7081559432544
59.7315991607735
64.9583349164387
63.7760150349323
65.995233677186
63.4146264584072
61.8071646051314
62.4830243948517
58.7731375226874
58.1466100939668
63.7760150349323
64.0413596794009
62.4426853333532
66.5491005952591
65.5591527391468
64.439724573229
65.2638700001214
65.995233677186
64.0413596794009
65.267278733552
63.9489943241386
62.8846795988874
64.3363406705098
62.2275267078948
63.4146264584072
62.4426853333532
65.267278733552
67.2407923380326
66.998903935174
67.08494998364
66.9212806997441
66.5377049882432
67.1218083381302
66.9583579769991
67.2407923380326
67.5360447955075
67.6635151764303
67.5027700997629
66.5672731393105
66.9302384087529
66.9285765001342
66.998903935174
67.5360447955075
67.6781978691261
67.4326377267567
66.310553355351
66.6148851044121
66.8246740236892
67.08494998364
67.6635151764303
67.6781978691261
67.490962166967
66.4170218098246
66.7379868473561
66.9299519179397
66.9212806997441
67.5027700997629
67.4326377267567
67.490962166967
66.6880305270088
66.4081832318671
67.084917919972
66.5377049882432
66.5672731393105
66.310553355351
66.4170218098246
66.6880305270088
66.9815605817958
67.4394617413799
67.1218083381302
66.9302384087529
66.6148851044121
66.7379868473561
66.4081832318671
66.9815605817958
66.9937546541791
66.9583579769991
66.9285765001342
66.8246740236892
66.9299519179397
67.084917919972
67.4394617413799
66.9937546541791
35.4816503535169
42.0760475928652
51.5195877937799
55.4885084264641
42.6901456319023
40.5340059183391
46.0836042022111
35.4816503535169
63.7648345608805
64.5716068287593
62.5292636361859
65.6104048343716
64.0360231410525
60.8885005664438
42.0760475928652
63.7648345608805
63.6574103917636
66.5022364192258
63.5984757613706
61.3437441493181
64.6230026243436
51.5195877937799
64.5716068287593
63.6574103917636
64.7150132863556
66.3291614553919
65.5159689887576
64.1443597784656
55.4885084264641
62.5292636361859
66.5022364192258
64.7150132863556
65.2410639303274
62.4281582660165
64.581941528597
42.6901456319023
65.6104048343716
63.5984757613706
66.3291614553919
65.2410639303274
66.7836503562612
64.7165691215562
40.5340059183391
64.0360231410525
61.3437441493181
65.5159689887576
62.4281582660165
66.7836503562612
63.2786988896559
46.0836042022111
60.8885005664438
64.6230026243436
64.1443597784656
64.581941528597
64.7165691215562
63.2786988896559
66.8988083886269
67.3476944396086
67.1600451171514
67.0109731133373
66.891058852891
67.4642530923914
67.0806615690553
66.8988083886269
66.5977751525406
67.1807834741718
66.5241286270248
67.3472719229861
66.7443615851459
66.7072432936221
67.3476944396086
66.5977751525406
66.9049012104364
66.7494667274523
66.7032916250746
66.9346100880335
66.5421809717121
67.1600451171514
67.1807834741718
66.9049012104364
66.4633798353093
67.3698392443214
66.7462659041264
66.750598395252
67.0109731133373
66.5241286270248
66.7494667274523
66.4633798353093
66.503256598305
67.1070232465663
66.9022159598329
66.891058852891
67.3472719229861
66.7032916250746
67.3698392443214
66.503256598305
66.8007979714781
66.8046841918776
67.4642530923914
66.7443615851459
66.9346100880335
66.7462659041264
67.1070232465663
66.8007979714781
66.8677282973835
67.0806615690553
66.7072432936221
66.5421809717121
66.750598395252
66.9022159598329
66.8046841918776
66.8677282973835
66.9186998199158
67.461847625969
66.9097423236977
67.1416856505216
67.0985173060846
67.2534845101348
66.8320848395481
66.9186998199158
66.8758135751972
67.5525700987484
67.1158832763175
67.5547578119943
67.13871670655
67.4508139690652
67.461847625969
66.8758135751972
66.9049295950051
67.102250798098
67.1121278756868
67.2392772613112
66.6501681773164
66.9097423236977
67.5525700987484
66.9049295950051
67.15471006225
67.5702974201052
67.133521335095
67.5165498090257
67.1416856505216
67.1158832763175
67.102250798098
67.15471006225
67.0038160472707
67.3468254283962
66.8379162852132
67.0985173060846
67.5547578119943
67.1121278756868
67.5702974201052
67.0038160472707
67.0651900375451
67.3917400184061
67.2534845101348
67.13871670655
67.2392772613112
67.133521335095
67.3468254283962
67.0651900375451
66.9842706462594
66.8320848395481
67.4508139690652
66.6501681773164
67.5165498090257
66.8379162852132
67.3917400184061
66.9842706462594
66.6519039973742
66.6259948931896
66.5389476651591
66.7648463542806
65.9352634277125
66.6489387783176
64.4507254973154
66.6519039973742
65.4829624801429
66.7313730428181
65.491499001075
65.2357416995634
65.5642729353739
64.4130401578792
66.6259948931896
65.4829624801429
65.8340134936707
65.5779555462772
65.0553773519485
65.5095028173474
63.5143866042524
66.5389476651591
66.7313730428181
65.8340134936707
65.8899295150242
66.0283352334726
65.6809227851118
65.4873382203268
66.7648463542806
65.491499001075
65.5779555462772
65.8899295150242
65.0035665916388
65.5629268043212
63.4699335554289
65.9352634277125
65.2357416995634
65.0553773519485
66.0283352334726
65.0035665916388
65.0722173095291
62.8735853597475
66.6489387783176
65.5642729353739
65.5095028173474
65.6809227851118
65.5629268043212
65.0722173095291
62.6816812052158
64.4507254973154
64.4130401578792
63.5143866042524
65.4873382203268
63.4699335554289
62.8735853597475
62.6816812052158
67.3603377227115
64.2483319254149
64.5704768191784
63.8802565195464
66.7076325820715
67.2710395097061
64.5577069832749
67.3603377227115
67.1508410568697
67.6068030383986
66.5193037811716
67.3572483270279
67.1625717292661
67.5341917953805
64.2483319254149
67.1508410568697
64.2963209790017
64.477535244923
66.9293982275585
67.3410402859251
64.1376906555188
64.5704768191784
67.6068030383986
64.2963209790017
63.7297617780614
67.419478900631
67.0363040352488
64.7556142899573
63.8802565195464
66.5193037811716
64.477535244923
63.7297617780614
66.2243132281958
66.9104904579746
63.3676289126719
66.7076325820715
67.3572483270279
66.9293982275585
67.419478900631
66.2243132281958
66.6941181486237
67.2139866917932
67.2710395097061
67.1625717292661
67.3410402859251
67.0363040352488
66.9104904579746
66.6941181486237
67.0406353086178
64.5577069832749
67.5341917953805
64.1376906555188
64.7556142899573
63.3676289126719
67.2139866917932
67.0406353086178
67.2554611123634
67.2690873745546
67.040780469489
67.2631958917907
66.9031490959597
67.3622460226457
67.0798127418882
67.2554611123634
67.181044733696
64.6089224326971
66.7863396196002
64.7590797493991
67.2724767151893
65.1343730279225
67.2690873745546
67.181044733696
66.8843493410347
67.2681904593667
66.9528157852777
67.2621106612935
66.9701137546368
67.040780469489
64.6089224326971
66.8843493410347
66.2792345901029
64.9253591781942
66.8753492393001
65.1585791023279
67.2631958917907
66.7863396196002
67.2681904593667
66.2792345901029
66.4031986326863
67.6003300640477
66.7603667874744
66.9031490959597
64.7590797493991
66.9528157852777
64.9253591781942
66.4031986326863
66.9244373340891
65.6016554528084
67.3622460226457
67.2724767151893
67.2621106612935
66.8753492393001
67.6003300640477
66.9244373340891
67.1092191182151
67.0798127418882
65.1343730279225
66.9701137546368
65.1585791023279
66.7603667874744
65.6016554528084
67.1092191182151
67.0743089263052
67.3911848084029
67.096436544891
67.4322498536121
67.2761639941749
67.3504766812101
67.3572023224498
67.0743089263052
66.9634982836619
67.0567626770998
66.9089556231799
67.0855009819812
67.0518937481291
66.9935113785582
67.3911848084029
66.9634982836619
67.008753461864
67.6470439931715
66.9811628850825
67.5679592579135
67.0529842460284
67.096436544891
67.0567626770998
67.008753461864
66.9714123424959
67.3590357070428
67.1460670027615
67.3262560579207
67.4322498536121
66.9089556231799
67.6470439931715
66.9714123424959
66.9851141652594
67.5613374457279
66.9927790521873
67.2761639941749
67.0855009819812
66.9811628850825
67.3590357070428
66.9851141652594
67.1773718252431
67.5576392958281
67.3504766812101
67.0518937481291
67.5679592579135
67.1460670027615
67.5613374457279
67.1773718252431
67.0485793436307
67.3572023224498
66.9935113785582
67.0529842460284
67.3262560579207
66.9927790521873
67.5576392958281
67.0485793436307
63.9784257507174
64.380212989182
64.1527329012347
65.28030075657
64.3025186781069
64.3935156311768
63.8850592274864
63.9784257507174
63.4488252339454
63.7316307883253
64.1895064919719
64.4762467117301
63.8786119264712
63.3725862691052
64.380212989182
63.4488252339454
63.6771967127564
65.3749220373274
63.8880842835274
64.2421550361857
63.6367073445879
64.1527329012347
63.7316307883253
63.6771967127564
64.8768367533668
64.2845845316222
64.1080791822785
64.232885509323
65.28030075657
64.1895064919719
65.3749220373274
64.8768367533668
64.8252621819259
64.7731756744118
65.1247011749642
64.3025186781069
64.4762467117301
63.8880842835274
64.2845845316222
64.8252621819259
64.2306751061026
63.9654228629508
64.3935156311768
63.8786119264712
64.2421550361857
64.1080791822785
64.7731756744118
64.2306751061026
63.8343223296621
63.8850592274864
63.3725862691052
63.6367073445879
64.232885509323
65.1247011749642
63.9654228629508
63.8343223296621
65.6378588402569
64.5732159008487
65.5729160119819
64.6736676496929
64.4425032564152
66.7609191284271
65.3315372331629
65.6378588402569
65.2406790123006
65.5688076916291
65.4530754998748
64.9063205114927
65.4142174019929
65.9011692649517
64.5732159008487
65.2406790123006
64.982401852393
64.668007138641
64.0113632559821
66.5550783808813
64.8898646724773
65.5729160119819
65.5688076916291
64.982401852393
65.3957076180082
65.621601897969
66.5109424476057
66.618887592095
64.6736676496929
65.4530754998748
64.668007138641
65.3957076180082
64.3710861025737
67.1810591635688
65.0438757964993
64.4425032564152
64.9063205114927
64.0113632559821
65.621601897969
64.3710861025737
66.5539915858855
65.4101666802804
66.7609191284271
65.4142174019929
66.5550783808813
66.5109424476057
67.1810591635688
66.5539915858855
66.2177253411209
65.3315372331629
65.9011692649517
64.8898646724773
66.618887592095
65.0438757964993
65.4101666802804
66.2177253411209
63.2665377962843
66.5941356855233
66.6927114409319
67.4840501293202
65.6202277849791
66.8385664486738
66.9978088848191
63.2665377962843
64.2345840172641
65.2579942267848
64.4825438713454
66.066826196985
64.2201875260121
65.3753226270378
66.5941356855233
64.2345840172641
65.7427545712744
66.3296234214256
64.7298197107297
65.5738995479557
65.5003991574372
66.6927114409319
65.2579942267848
65.7427545712744
66.7187234360111
66.4294477911968
66.5306147349638
66.7278065309779
67.4840501293202
64.4825438713454
66.3296234214256
66.7187234360111
66.4277824821455
67.2804866058719
67.1274766000294
65.6202277849791
66.066826196985
64.7298197107297
66.4294477911968
66.4277824821455
66.6026785474326
66.3912934679457
66.8385664486738
64.2201875260121
65.5738995479557
66.5306147349638
67.2804866058719
66.6026785474326
66.2859822410894
66.9978088848191
65.3753226270378
65.5003991574372
66.7278065309779
67.1274766000294
66.3912934679457
66.2859822410894
65.9081038918951
66.3577232497339
66.7342136666153
65.8467830672518
66.8909973172518
65.2456173725733
66.8608281032172
65.9081038918951
67.4155998623163
67.3931142869955
67.2152948806518
67.3415037429226
67.3787109434831
67.3954572474314
66.3577232497339
67.4155998623163
67.5099211744098
67.4236362374996
67.4914099048753
67.4024931572668
67.2347766791999
66.7342136666153
67.3931142869955
67.5099211744098
67.1422524491456
67.440125237761
67.2743374631187
67.5927645724272
65.8467830672518
67.2152948806518
67.4236362374996
67.1422524491456
67.3251860969816
66.9831412314208
67.087085377244
66.8909973172518
67.3415037429226
67.4914099048753
67.440125237761
67.3251860969816
67.1410413281167
67.3584626355039
65.2456173725733
67.3787109434831
67.4024931572668
67.2743374631187
66.9831412314208
67.1410413281167
67.02369056141
66.8608281032172
67.3954572474314
67.2347766791999
67.5927645724272
67.087085377244
67.3584626355039
67.02369056141
53.43768429873
27.8330481875951
59.3051219633048
38.7436293507359
61.3490295818948
46.7152865563747
53.8816356777741
53.43768429873
32.8690366677667
66.4995042973638
61.5486197372834
64.3362138488038
62.5917965896046
65.3974806730624
27.8330481875951
32.8690366677667
37.6623503946367
54.1633311281844
30.7773930223232
50.7081298359156
26.311237638965
59.3051219633048
66.4995042973638
37.6623503946367
63.2033904160742
64.6717631185223
64.6650531126675
63.7545905477597
38.7436293507359
61.5486197372834
54.1633311281844
63.2033904160742
55.4425955036684
64.972577422599
56.8160444997759
