0.990410566329956
0.999548196792603
0.977533936500549
0.82356184720993
0.998526573181152
0.984404861927032
0.881048738956451
0.993395030498505
0.958919107913971
0.999666213989258
0.924879908561707
0.999822735786438
0.984404861927032
0.987810015678406
0.855891287326813
0.792911171913147
0.960265874862671
0.993839144706726
0.955181539058685
0.881048738956451
0.987810015678406
0.976158797740936
0.992917418479919
0.923371493816376
0.999020636081696
0.965655386447906
0.969140291213989
0.800895869731903
0.976158797740936
0.925602316856384
0.971901655197144
0.951065301895142
0.998693585395813
0.89307564496994
0.920734286308289
0.992917418479919
0.925602316856384
0.900722444057465
0.976335763931274
0.880099654197693
0.997979402542114
0.82065886259079
0.923371493816376
0.971901655197144
0.900722444057465
0.830270648002625
0.930072367191315
0.847851157188416
0.998906850814819
0.999020636081696
0.951065301895142
0.976335763931274
0.830270648002625
0.98981773853302
0.995245099067688
0.9119011759758
0.965655386447906
0.998693585395813
0.880099654197693
0.930072367191315
0.98981773853302
0.968371391296387
0.964836776256561
0.969140291213989
0.89307564496994
0.997979402542114
0.847851157188416
0.995245099067688
0.968371391296387
0.952901005744934
0.800895869731903
0.920734286308289
0.82065886259079
0.998906850814819
0.9119011759758
0.964836776256561
0.952901005744934
0.955537557601929
0.99399995803833
0.864750921726227
0.997722685337067
0.94609397649765
0.969357669353485
0.69598799943924
0.955537557601929
0.87892735004425
0.879658341407776
0.783668696880341
0.987942814826965
0.603391408920288
0.451466172933578
0.99399995803833
0.87892735004425
0.930242002010345
0.975261151790619
0.908582270145416
0.986604809761047
0.709323942661285
0.864750921726227
0.879658341407776
0.930242002010345
0.770529806613922
0.928630769252777
0.769410789012909
0.931218802928925
0.997722685337067
0.783668696880341
0.975261151790619
0.770529806613922
0.981440305709839
0.992662131786346
0.860008299350739
0.94609397649765
0.987942814826965
0.908582270145416
0.928630769252777
0.981440305709839
0.779243946075439
0.889815986156464
0.969357669353485
0.603391408920288
0.986604809761047
0.769410789012909
0.992662131786346
0.779243946075439
0.864975214004517
0.69598799943924
0.451466172933578
0.709323942661285
0.931218802928925
0.860008299350739
0.889815986156464
0.864975214004517
0.996120512485504
0.999285340309143
0.923735618591309
0.999583780765533
0.908969342708588
0.996630728244781
0.820474445819855
0.996120512485504
0.999409556388855
0.977965831756592
0.979016005992889
0.994935929775238
0.948560297489166
0.915361225605011
0.999285340309143
0.999409556388855
0.97577965259552
0.988014936447144
0.958235740661621
0.995009958744049
0.877020597457886
0.923735618591309
0.977965831756592
0.97577965259552
0.818248331546783
0.960917353630066
0.815758407115936
0.994002997875214
0.999583780765533
0.979016005992889
0.988014936447144
0.818248331546783
0.954535722732544
0.998266994953156
0.934121489524841
0.908969342708588
0.994935929775238
0.958235740661621
0.960917353630066
0.954535722732544
0.865878880023956
0.982904016971588
0.996630728244781
0.948560297489166
0.995009958744049
0.815758407115936
0.998266994953156
0.865878880023956
0.839776337146759
0.820474445819855
0.915361225605011
0.877020597457886
0.994002997875214
0.934121489524841
0.982904016971588
0.839776337146759
0.989048421382904
0.998627603054047
0.838721215724945
0.99876743555069
0.890050172805786
0.966580152511597
0.215231955051422
0.989048421382904
0.962463676929474
0.984347522258759
0.961845874786377
0.998178362846375
0.672128558158875
0.640301585197449
0.998627603054047
0.962463676929474
0.779917538166046
0.992698132991791
0.823911011219025
0.994553625583649
0.722215890884399
0.838721215724945
0.984347522258759
0.779917538166046
0.685308873653412
0.948048889636993
0.668819665908813
0.964467406272888
0.99876743555069
0.961845874786377
0.992698132991791
0.685308873653412
0.98226523399353
0.987452805042267
0.719927668571472
0.890050172805786
0.998178362846375
0.823911011219025
0.948048889636993
0.98226523399353
0.867437541484833
0.900693774223328
0.966580152511597
0.672128558158875
0.994553625583649
0.668819665908813
0.987452805042267
0.867437541484833
0.900955855846405
0.215231955051422
0.640301585197449
0.722215890884399
0.964467406272888
0.719927668571472
0.900693774223328
0.900955855846405
0.97380656003952
0.998144030570984
0.858195960521698
0.999739944934845
0.941520690917969
0.984198391437531
0.681467592716217
0.97380656003952
0.905864596366882
0.865374743938446
0.931446731090546
0.997768521308899
0.785817503929138
0.842492580413818
0.998144030570984
0.905864596366882
0.520466268062592
0.990682065486908
0.56788432598114
0.996649563312531
0.417253881692886
0.858195960521698
0.865374743938446
0.520466268062592
0.812003672122955
0.783260464668274
0.396150767803192
0.999320507049561
0.999739944934845
0.931446731090546
0.990682065486908
0.812003672122955
0.985220730304718
0.996626079082489
0.839533567428589
0.941520690917969
0.997768521308899
0.56788432598114
0.783260464668274
0.985220730304718
0.804573714733124
0.908733487129211
0.984198391437531
0.785817503929138
0.996649563312531
0.396150767803192
0.996626079082489
0.804573714733124
0.523027539253235
0.681467592716217
0.842492580413818
0.417253881692886
0.999320507049561
0.839533567428589
0.908733487129211
0.523027539253235
0.979731798171997
0.999707460403442
0.730919241905212
0.99973326921463
0.928527355194092
0.999517679214478
0.908772230148315
0.979731798171997
0.964523315429688
0.740542829036713
0.950069665908813
0.999817907810211
0.938311457633972
0.897244572639465
0.999707460403442
0.964523315429688
0.878088414669037
0.998862266540527
0.946757614612579
0.999633729457855
0.890622138977051
0.730919241905212
0.740542829036713
0.878088414669037
0.706759929656982
0.628895163536072
0.773510992527008
0.998302519321442
0.99973326921463
0.950069665908813
0.998862266540527
0.706759929656982
0.974765479564667
0.999976336956024
0.957627713680267
0.928527355194092
0.999817907810211
0.946757614612579
0.628895163536072
0.974765479564667
0.963201701641083
0.913738250732422
0.999517679214478
0.938311457633972
0.999633729457855
0.773510992527008
0.999976336956024
0.963201701641083
0.966170907020569
0.908772230148315
0.897244572639465
0.890622138977051
0.998302519321442
0.957627713680267
0.913738250732422
0.966170907020569
0.993743538856506
0.999657571315765
0.927930176258087
0.998482584953308
0.981790482997894
0.993891835212708
0.791648268699646
0.993743538856506
0.961259067058563
0.919223368167877
0.920424461364746
0.998709619045258
0.931395769119263
0.851705372333527
0.999657571315765
0.961259067058563
0.959204733371735
0.998481929302216
0.964864730834961
0.994848787784576
0.866901934146881
0.927930176258087
0.919223368167877
0.959204733371735
0.890960991382599
0.887237548828125
0.865466892719269
0.998117566108704
0.998482584953308
0.920424461364746
0.998481929302216
0.890960991382599
0.988640606403351
0.998642385005951
0.890742540359497
0.981790482997894
0.998709619045258
0.964864730834961
0.887237548828125
0.988640606403351
0.978848338127136
0.944476068019867
0.993891835212708
0.931395769119263
0.994848787784576
0.865466892719269
0.998642385005951
0.978848338127136
0.874670684337616
0.791648268699646
0.851705372333527
0.866901934146881
0.998117566108704
0.890742540359497
0.944476068019867
0.874670684337616
0.986192941665649
0.999916851520538
0.769062578678131
0.999279141426086
0.9245725274086
0.998214244842529
0.383046448230743
0.986192941665649
0.963239550590515
0.777434945106506
0.940547406673431
0.999173879623413
0.90131139755249
0.860067844390869
0.999916851520538
0.963239550590515
0.855835735797882
0.998123168945313
0.886990785598755
0.999475836753845
0.432945847511292
0.769062578678131
0.777434945106506
0.855835735797882
0.678782343864441
0.726801574230194
0.758077204227448
0.994705557823181
0.999279141426086
0.940547406673431
0.998123168945313
0.678782343864441
0.957539677619934
0.999861061573029
0.706962108612061
0.9245725274086
0.999173879623413
0.886990785598755
0.726801574230194
0.957539677619934
0.907116711139679
0.928136706352234
0.998214244842529
0.90131139755249
0.999475836753845
0.758077204227448
0.999861061573029
0.907116711139679
0.701923787593842
0.383046448230743
0.860067844390869
0.432945847511292
0.994705557823181
0.706962108612061
0.928136706352234
0.701923787593842
0.976968288421631
0.999962270259857
0.617742836475372
0.998769462108612
0.926526725292206
0.999272346496582
0.725210130214691
0.976968288421631
0.951314926147461
0.574287295341492
0.980129241943359
0.999763667583466
0.872782766819
0.853062927722931
0.999962270259857
0.951314926147461
0.719895303249359
0.997344076633453
0.87772125005722
0.999401569366455
0.739731252193451
0.617742836475372
0.574287295341492
0.719895303249359
0.113037660717964
0.223840638995171
0.443911343812943
0.991627097129822
0.998769462108612
0.980129241943359
0.997344076633453
0.113037660717964
0.989146649837494
0.999417841434479
0.612722635269165
0.926526725292206
0.999763667583466
0.87772125005722
0.223840638995171
0.989146649837494
0.915082633495331
0.779310643672943
0.999272346496582
0.872782766819
0.999401569366455
0.443911343812943
0.999417841434479
0.915082633495331
0.825820863246918
0.725210130214691
0.853062927722931
0.739731252193451
0.991627097129822
0.612722635269165
0.779310643672943
0.825820863246918
0.952128767967224
0.9998779296875
0.532374918460846
0.999831020832062
0.961390376091003
0.998151957988739
0.907332956790924
0.952128767967224
0.915834665298462
0.977781236171722
0.930575907230377
0.999197959899902
0.852556467056274
0.780414402484894
0.9998779296875
0.915834665298462
0.576548933982849
0.999190032482147
0.946779191493988
0.999794542789459
0.911410212516785
0.532374918460846
0.977781236171722
0.576548933982849
0.387446910142899
0.943005323410034
0.324210911989212
0.968318998813629
0.999831020832062
0.930575907230377
0.999190032482147
0.387446910142899
0.991200745105743
0.999496877193451
0.931468605995178
0.961390376091003
0.999197959899902
0.946779191493988
0.943005323410034
0.991200745105743
0.959536373615265
0.899286150932312
0.998151957988739
0.852556467056274
0.999794542789459
0.324210911989212
0.999496877193451
0.959536373615265
0.959723830223084
0.907332956790924
0.780414402484894
0.911410212516785
0.968318998813629
0.931468605995178
0.899286150932312
0.959723830223084
0.986486911773682
0.999980866909027
0.994260430335999
0.998228490352631
0.981806874275208
0.998852908611298
0.941217124462128
0.986486911773682
0.987138748168945
0.949598610401154
0.906323075294495
0.999366044998169
0.94322943687439
0.500604212284088
0.999980866909027
0.987138748168945
0.99275803565979
0.999213457107544
0.982541620731354
0.999697625637054
0.942560613155365
0.994260430335999
0.949598610401154
0.99275803565979
0.986244320869446
0.955418288707733
0.981080055236816
0.994478225708008
0.998228490352631
0.906323075294495
0.999213457107544
0.986244320869446
0.977974355220795
0.999978482723236
0.997890889644623
0.981806874275208
0.999366044998169
0.982541620731354
0.955418288707733
0.977974355220795
0.992216110229492
0.824453592300415
0.998852908611298
0.94322943687439
0.999697625637054
0.981080055236816
0.999978482723236
0.992216110229492
0.987274765968323
0.941217124462128
0.500604212284088
0.942560613155365
0.994478225708008
0.997890889644623
0.824453592300415
0.987274765968323
0.989319264888763
0.999698758125305
0.99317455291748
0.997588098049164
0.962368726730347
0.996024012565613
0.937549948692322
0.989319264888763
0.947195470333099
0.944985866546631
0.920118927955627
0.998448371887207
0.862999737262726
0.855769455432892
0.999698758125305
0.947195470333099
0.99163830280304
0.992404758930206
0.856867015361786
0.997764647006989
0.953456938266754
0.99317455291748
0.944985866546631
0.99163830280304
0.977895855903625
0.938518762588501
0.965517282485962
0.99236786365509
0.997588098049164
0.920118927955627
0.992404758930206
0.977895855903625
0.990495800971985
0.999864101409912
0.981832921504974
0.962368726730347
0.998448371887207
0.856867015361786
0.938518762588501
0.990495800971985
0.969967782497406
0.95819753408432
0.996024012565613
0.862999737262726
0.997764647006989
0.965517282485962
0.999864101409912
0.969967782497406
0.989839375019073
0.937549948692322
0.855769455432892
0.953456938266754
0.99236786365509
0.981832921504974
0.95819753408432
0.989839375019073
0.963464438915253
0.999909400939941
0.944882452487946
0.999571859836578
0.93269944190979
0.999567329883575
0.79409271478653
0.963464438915253
0.904439508914948
0.984070241451263
0.905066788196564
0.999826550483704
0.908218204975128
0.611268639564514
0.999909400939941
0.904439508914948
0.878071665763855
0.997455716133118
0.855283379554749
0.999013900756836
0.676023006439209
0.944882452487946
0.984070241451263
0.878071665763855
0.850555717945099
0.959658622741699
0.870332479476929
0.97550630569458
0.999571859836578
0.905066788196564
0.997455716133118
0.850555717945099
0.969245433807373
0.999986350536346
0.865432441234589
0.93269944190979
0.999826550483704
0.855283379554749
0.959658622741699
0.969245433807373
0.967809200286865
0.71543937921524
0.999567329883575
0.908218204975128
0.999013900756836
0.870332479476929
0.999986350536346
0.967809200286865
0.859977722167969
0.79409271478653
0.611268639564514
0.676023006439209
0.97550630569458
0.865432441234589
0.71543937921524
0.859977722167969
0.989750266075134
0.999956965446472
0.935662269592285
0.999004542827606
0.95639032125473
0.996310889720917
0.446393728256226
0.989750266075134
0.986151158809662
0.669486165046692
0.943598508834839
0.997307598590851
0.988412022590637
0.467439472675323
0.999956965446472
0.986151158809662
0.972163200378418
0.997568607330322
0.945743203163147
0.996762931346893
0.576190531253815
0.935662269592285
0.669486165046692
0.972163200378418
0.782812714576721
0.56330531835556
0.819138526916504
0.964348793029785
0.999004542827606
0.943598508834839
0.997568607330322
0.782812714576721
0.978808522224426
0.999757349491119
0.690051138401031
0.95639032125473
0.997307598590851
0.945743203163147
0.56330531835556
0.978808522224426
0.997151970863342
0.791153788566589
0.996310889720917
0.988412022590637
0.996762931346893
0.819138526916504
0.999757349491119
0.997151970863342
0.828749001026154
0.446393728256226
0.467439472675323
0.576190531253815
0.964348793029785
0.690051138401031
0.791153788566589
0.828749001026154
0.919464290142059
0.999721169471741
0.954364478588104
0.999689638614655
0.985290884971619
0.994085252285004
0.895996391773224
0.919464290142059
0.964696288108826
0.874010562896729
0.861921906471252
0.981778025627136
0.90524435043335
0.808715462684631
0.999721169471741
0.964696288108826
0.956254303455353
0.998045027256012
0.993642508983612
0.999367296695709
0.893397688865662
0.954364478588104
0.874010562896729
0.956254303455353
0.915533185005188
0.951480269432068
0.880622029304504
0.994896531105042
0.999689638614655
0.861921906471252
0.998045027256012
0.915533185005188
0.998225748538971
0.999553561210632
0.956304311752319
0.985290884971619
0.981778025627136
0.993642508983612
0.951480269432068
0.998225748538971
0.999182105064392
0.980202555656433
0.994085252285004
0.90524435043335
0.999367296695709
0.880622029304504
0.999553561210632
0.999182105064392
0.948309183120728
0.895996391773224
0.808715462684631
0.893397688865662
0.994896531105042
0.956304311752319
0.980202555656433
0.948309183120728
0.970997035503387
0.998943030834198
0.957502841949463
0.997240602970123
0.940597712993622
0.994582712650299
0.956107914447784
0.970997035503387
0.930006206035614
0.841971158981323
0.959213554859161
0.997891962528229
0.867631316184998
0.821433544158936
0.998943030834198
0.930006206035614
0.927057862281799
0.997511386871338
0.917227387428284
0.999559640884399
0.884530663490295
0.957502841949463
0.841971158981323
0.927057862281799
0.851884543895721
0.746106028556824
0.897066593170166
0.998459696769714
0.997240602970123
0.959213554859161
0.997511386871338
0.851884543895721
0.993137717247009
0.999852776527405
0.932135224342346
0.940597712993622
0.997891962528229
0.917227387428284
0.746106028556824
0.993137717247009
0.971403062343597
0.853992164134979
0.994582712650299
0.867631316184998
0.999559640884399
0.897066593170166
0.999852776527405
0.971403062343597
0.960356175899506
0.956107914447784
0.821433544158936
0.884530663490295
0.998459696769714
0.932135224342346
0.853992164134979
0.960356175899506
0.951867818832397
0.999626576900482
0.731513261795044
0.998781025409698
0.970184564590454
0.995824456214905
0.819012939929962
0.951867818832397
0.898559331893921
0.986222505569458
0.912944674491882
0.995361089706421
0.839212715625763
0.791869223117828
