0.987074494361877
0.999916553497314
0.901702642440796
0.999618887901306
0.981127619743347
0.993583619594574
0.663553774356842
0.987074494361877
0.973840296268463
0.911137640476227
0.963044226169586
0.996457755565643
0.896447777748108
0.86530876159668
0.999916553497314
0.973840296268463
0.924915909767151
0.998209178447723
0.96776157617569
0.998724699020386
0.820822954177856
0.901702642440796
0.911137640476227
0.924915909767151
0.756790339946747
0.710028409957886
0.786985993385315
0.996859133243561
0.999618887901306
0.963044226169586
0.998209178447723
0.756790339946747
0.998085141181946
0.999232232570648
0.898468732833862
0.981127619743347
0.996457755565643
0.96776157617569
0.710028409957886
0.998085141181946
0.980576276779175
0.934687852859497
0.993583619594574
0.896447777748108
0.998724699020386
0.786985993385315
0.999232232570648
0.980576276779175
0.959536075592041
0.663553774356842
0.86530876159668
0.820822954177856
0.996859133243561
0.898468732833862
0.934687852859497
0.959536075592041
0.984043717384338
0.999941229820251
0.244880020618439
0.999690294265747
0.956566154956818
0.998725712299347
0.697967231273651
0.984043717384338
0.987454295158386
0.698222219944
0.952357351779938
0.999604523181915
0.963131666183472
0.500473082065582
0.999941229820251
0.987454295158386
0.60825777053833
0.999213874340057
0.96865838766098
0.999759316444397
0.693147242069244
0.244880020618439
0.698222219944
0.60825777053833
0.319265633821487
0.598301768302917
0.451598286628723
0.999507069587708
0.999690294265747
0.952357351779938
0.999213874340057
0.319265633821487
0.984648823738098
0.999947547912598
0.766564071178436
0.956566154956818
0.999604523181915
0.96865838766098
0.598301768302917
0.984648823738098
0.994641840457916
0.701605260372162
0.998725712299347
0.963131666183472
0.999759316444397
0.451598286628723
0.999947547912598
0.994641840457916
0.788095712661743
0.697967231273651
0.500473082065582
0.693147242069244
0.999507069587708
0.766564071178436
0.701605260372162
0.788095712661743
0.859167456626892
0.999959468841553
0.604955911636353
0.999755382537842
0.903007328510284
0.99976658821106
0.721595704555511
0.859167456626892
0.842606902122498
0.98139214515686
0.837806820869446
0.999391615390778
0.824716985225677
0.983189523220062
0.999959468841553
0.842606902122498
0.598902404308319
0.998898565769196
0.869410395622253
0.999593555927277
0.725528120994568
0.604955911636353
0.98139214515686
0.598902404308319
0.517025411128998
0.955406069755554
0.536006271839142
0.998651385307312
0.999755382537842
0.837806820869446
0.998898565769196
0.517025411128998
0.959137856960297
0.999984741210938
0.855904161930084
0.903007328510284
0.999391615390778
0.869410395622253
0.955406069755554
0.959137856960297
0.957746803760529
0.995167195796967
0.99976658821106
0.824716985225677
0.999593555927277
0.536006271839142
0.999984741210938
0.957746803760529
0.853892862796783
0.721595704555511
0.983189523220062
0.725528120994568
0.998651385307312
0.855904161930084
0.995167195796967
0.853892862796783
0.970005929470062
0.999201595783234
0.392384141683578
0.999708592891693
0.940320432186127
0.998104989528656
0.208012580871582
0.970005929470062
0.854722380638123
0.79588657617569
0.946870803833008
0.999940276145935
0.824549734592438
0.634594261646271
0.999201595783234
0.854722380638123
0.717749714851379
0.994176745414734
0.803719162940979
0.999869465827942
0.582436740398407
0.392384141683578
0.79588657617569
0.717749714851379
0.423692166805267
0.790616750717163
0.700615525245667
0.999344289302826
0.999708592891693
0.946870803833008
0.994176745414734
0.423692166805267
0.975770056247711
0.999706864356995
0.405500382184982
0.940320432186127
0.999940276145935
0.803719162940979
0.790616750717163
0.975770056247711
0.865612924098969
0.564615428447723
0.998104989528656
0.824549734592438
0.999869465827942
0.700615525245667
0.999706864356995
0.865612924098969
0.718484461307526
0.208012580871582
0.634594261646271
0.582436740398407
0.999344289302826
0.405500382184982
0.564615428447723
0.718484461307526
0.96498316526413
0.9998939037323
0.704124391078949
0.999857127666473
0.986091673374176
0.999714374542236
0.514594912528992
0.96498316526413
0.87179958820343
0.951214492321014
0.925126969814301
0.997842133045197
0.859629690647125
0.870379626750946
0.9998939037323
0.87179958820343
0.42776694893837
0.997813165187836
0.929337680339813
0.99970418214798
0.567084789276123
0.704124391078949
0.951214492321014
0.42776694893837
0.58368980884552
0.862863600254059
0.558369696140289
0.996837854385376
0.999857127666473
0.925126969814301
0.997813165187836
0.58368980884552
0.994594633579254
0.999901413917542
0.495705842971802
0.986091673374176
0.997842133045197
0.929337680339813
0.862863600254059
0.994594633579254
0.979619026184082
0.86512291431427
0.999714374542236
0.859629690647125
0.99970418214798
0.558369696140289
0.999901413917542
0.979619026184082
0.664861977100372
0.514594912528992
0.870379626750946
0.567084789276123
0.996837854385376
0.495705842971802
0.86512291431427
0.664861977100372
0.917434573173523
0.999986946582794
0.930812239646912
0.999966621398926
0.988293588161469
0.999661087989807
0.792344450950623
0.917434573173523
0.902286410331726
0.928273558616638
0.917079269886017
0.999010741710663
0.840501010417938
0.598899781703949
0.999986946582794
0.902286410331726
0.912902593612671
0.999848484992981
0.98331606388092
0.999796211719513
0.719807088375092
0.930812239646912
0.928273558616638
0.912902593612671
0.891076445579529
0.923184871673584
0.875030159950256
0.992899417877197
0.999966621398926
0.917079269886017
0.999848484992981
0.891076445579529
0.994295299053192
0.999914884567261
0.866790592670441
0.988293588161469
0.999010741710663
0.98331606388092
0.923184871673584
0.994295299053192
0.979690909385681
0.710661947727203
0.999661087989807
0.840501010417938
0.999796211719513
0.875030159950256
0.999914884567261
0.979690909385681
0.947962939739227
0.792344450950623
0.598899781703949
0.719807088375092
0.992899417877197
0.866790592670441
0.710661947727203
0.947962939739227
0.986493468284607
0.998902797698975
0.976906895637512
0.99909108877182
0.98936516046524
0.996984660625458
0.905038356781006
0.986493468284607
0.867606163024902
0.90845137834549
0.926363706588745
0.993970811367035
0.819199502468109
0.868506014347076
0.998902797698975
0.867606163024902
0.929641664028168
0.99955415725708
0.923592984676361
0.999770641326904
0.929446578025818
0.976906895637512
0.90845137834549
0.929641664028168
0.957220673561096
0.988908112049103
0.868657469749451
0.997933030128479
0.99909108877182
0.926363706588745
0.99955415725708
0.957220673561096
0.986242771148682
0.999709784984589
0.939049243927002
0.98936516046524
0.993970811367035
0.923592984676361
0.988908112049103
0.986242771148682
0.941892445087433
0.984363198280334
0.996984660625458
0.819199502468109
0.999770641326904
0.868657469749451
0.999709784984589
0.941892445087433
0.956095337867737
0.905038356781006
0.868506014347076
0.929446578025818
0.997933030128479
0.939049243927002
0.984363198280334
0.956095337867737
0.990274310112
0.999670445919037
0.845921397209167
0.999450325965881
0.888575553894043
0.999505519866943
0.543959319591522
0.990274310112
0.948755204677582
0.729088306427002
0.959358930587769
0.997458577156067
0.967526197433472
0.807228326797485
0.999670445919037
0.948755204677582
0.858931243419647
0.998465180397034
0.774603068828583
0.99905800819397
0.48941245675087
0.845921397209167
0.729088306427002
0.858931243419647
0.759590923786163
0.678916335105896
0.820107161998749
0.9949010014534
0.999450325965881
0.959358930587769
0.998465180397034
0.759590923786163
0.91139942407608
0.999981760978699
0.78098076581955
0.888575553894043
0.997458577156067
0.774603068828583
0.678916335105896
0.91139942407608
0.933470845222473
0.792047381401062
0.999505519866943
0.967526197433472
0.99905800819397
0.820107161998749
0.999981760978699
0.933470845222473
0.767191350460052
0.543959319591522
0.807228326797485
0.48941245675087
0.9949010014534
0.78098076581955
0.792047381401062
0.767191350460052
0.994401037693024
0.999865591526031
0.888109862804413
0.999657213687897
0.992691695690155
0.995216429233551
0.970566034317017
0.994401037693024
0.990661203861237
0.832291185855865
0.968555808067322
0.999504446983337
0.89967942237854
0.945769488811493
0.999865591526031
0.990661203861237
0.935454607009888
0.996496975421906
0.989349782466888
0.994278907775879
0.980562150478363
0.888109862804413
0.832291185855865
0.935454607009888
0.770034968852997
0.780863881111145
0.915366411209106
0.989150643348694
0.999657213687897
0.968555808067322
0.996496975421906
0.770034968852997
0.998462617397308
0.999717950820923
0.995802581310272
0.992691695690155
0.999504446983337
0.989349782466888
0.780863881111145
0.998462617397308
0.972506880760193
0.994103968143463
0.995216429233551
0.89967942237854
0.994278907775879
0.915366411209106
0.999717950820923
0.972506880760193
0.975065112113953
0.970566034317017
0.945769488811493
0.980562150478363
0.989150643348694
0.995802581310272
0.994103968143463
0.975065112113953
0.908011913299561
0.994131326675415
0.920059621334076
0.999446868896484
0.828299224376678
0.994463622570038
0.872097730636597
0.908011913299561
0.900445699691772
0.944709420204163
0.87594336271286
0.993331968784332
0.704660058021545
0.885714292526245
0.994131326675415
0.900445699691772
0.786702632904053
0.983828365802765
0.856557607650757
0.998816430568695
0.768532335758209
0.920059621334076
0.944709420204163
0.786702632904053
0.834529459476471
0.982231497764587
0.591983020305634
0.997253894805908
0.999446868896484
0.87594336271286
0.983828365802765
0.834529459476471
0.867304623126984
0.999157845973969
0.942795217037201
0.828299224376678
0.993331968784332
0.856557607650757
0.982231497764587
0.867304623126984
0.741903722286224
0.977138459682465
0.994463622570038
0.704660058021545
0.998816430568695
0.591983020305634
0.999157845973969
0.741903722286224
0.786587834358215
0.872097730636597
0.885714292526245
0.768532335758209
0.997253894805908
0.942795217037201
0.977138459682465
0.786587834358215
0.937658190727234
0.999956786632538
0.92598831653595
0.999685525894165
0.853780150413513
0.967620491981506
0.630378723144531
0.937658190727234
0.869706213474274
0.968010604381561
0.837207317352295
0.99957001209259
0.632880806922913
0.493537664413452
0.999956786632538
0.869706213474274
0.896754682064056
0.999457359313965
0.776408731937408
0.98273491859436
0.71810656785965
0.92598831653595
0.968010604381561
0.896754682064056
0.849029779434204
0.89982533454895
0.783425033092499
0.995517790317535
0.999685525894165
0.837207317352295
0.999457359313965
0.849029779434204
0.885433614253998
0.98720395565033
0.725854933261871
0.853780150413513
0.99957001209259
0.776408731937408
0.89982533454895
0.885433614253998
0.729006230831146
0.50974029302597
0.967620491981506
0.632880806922913
0.98273491859436
0.783425033092499
0.98720395565033
0.729006230831146
0.980406105518341
0.630378723144531
0.493537664413452
0.71810656785965
0.995517790317535
0.725854933261871
0.50974029302597
0.980406105518341
0.996946096420288
0.999572992324829
0.89176070690155
0.999579966068268
0.836529791355133
0.995478451251984
0.362277746200562
0.996946096420288
0.99720424413681
0.9473717212677
0.992117643356323
0.981662631034851
0.958217084407806
0.709934294223785
0.999572992324829
0.99720424413681
0.959437131881714
0.995573401451111
0.903690874576569
0.99738746881485
0.615511953830719
0.89176070690155
0.9473717212677
0.959437131881714
0.854239165782928
0.898675739765167
0.899913311004639
0.98768949508667
0.999579966068268
0.992117643356323
0.995573401451111
0.854239165782928
0.946058511734009
0.999246776103973
0.410072773694992
0.836529791355133
0.981662631034851
0.903690874576569
0.898675739765167
0.946058511734009
0.770264446735382
0.809880018234253
0.995478451251984
0.958217084407806
0.99738746881485
0.899913311004639
0.999246776103973
0.770264446735382
0.465971797704697
0.362277746200562
0.709934294223785
0.615511953830719
0.98768949508667
0.410072773694992
0.809880018234253
0.465971797704697
0.964390754699707
0.999887228012085
0.949583351612091
0.999776601791382
0.953316509723663
0.998776376247406
0.848475337028503
0.964390754699707
0.905156493186951
0.983449518680573
0.962963700294495
0.999733448028564
0.860042154788971
0.951065957546234
0.999887228012085
0.905156493186951
0.865714132785797
0.998732507228851
0.906440138816834
0.999722063541412
0.683791279792786
0.949583351612091
0.983449518680573
0.865714132785797
0.909120261669159
0.971418619155884
0.708154201507568
0.998887658119202
0.999776601791382
0.962963700294495
0.998732507228851
0.909120261669159
0.993577718734741
0.999841451644897
0.956864595413208
0.953316509723663
0.999733448028564
0.906440138816834
0.971418619155884
0.993577718734741
0.95032262802124
0.981379806995392
0.998776376247406
0.860042154788971
0.999722063541412
0.708154201507568
0.999841451644897
0.95032262802124
0.86327189207077
0.848475337028503
0.951065957546234
0.683791279792786
0.998887658119202
0.956864595413208
0.981379806995392
0.86327189207077
0.971541821956635
0.999853730201721
0.891328811645508
0.999712705612183
0.987203061580658
0.997757375240326
0.652461588382721
0.971541821956635
0.962567150592804
0.985773861408234
0.939723432064056
0.997796595096588
0.846230208873749
0.727504432201386
0.999853730201721
0.962567150592804
0.931811332702637
0.998413503170013
0.978102505207062
0.998955011367798
0.635604977607727
0.891328811645508
0.985773861408234
0.931811332702637
0.762966275215149
0.916204333305359
0.704686462879181
0.978395581245422
0.999712705612183
0.939723432064056
0.998413503170013
0.762966275215149
0.9986971616745
0.999844133853912
0.646701514720917
0.987203061580658
0.997796595096588
0.978102505207062
0.916204333305359
0.9986971616745
0.989358961582184
0.718009829521179
0.997757375240326
0.846230208873749
0.998955011367798
0.704686462879181
0.999844133853912
0.989358961582184
0.786123931407928
0.652461588382721
0.727504432201386
0.635604977607727
0.978395581245422
0.646701514720917
0.718009829521179
0.786123931407928
0.940771698951721
0.99971866607666
0.956207871437073
0.999775290489197
0.910570800304413
0.998569667339325
0.601210117340088
0.940771698951721
0.890721440315247
0.945334553718567
0.832819581031799
0.999455869197845
0.779870390892029
0.758875012397766
0.99971866607666
0.890721440315247
0.961070001125336
0.998485028743744
0.897255301475525
0.9996737241745
0.63625568151474
0.956207871437073
0.945334553718567
0.961070001125336
0.862837731838226
0.917610287666321
0.885422468185425
0.903810501098633
0.999775290489197
0.832819581031799
0.998485028743744
0.862837731838226
0.953446626663208
0.999878585338593
0.513514757156372
0.910570800304413
0.999455869197845
0.897255301475525
0.917610287666321
0.953446626663208
0.893212258815765
0.700200915336609
0.998569667339325
0.779870390892029
0.9996737241745
0.885422468185425
0.999878585338593
0.893212258815765
0.750048756599426
0.601210117340088
0.758875012397766
0.63625568151474
0.903810501098633
0.513514757156372
0.700200915336609
0.750048756599426
0.96807336807251
0.999845266342163
0.966098546981812
0.999627590179443
0.933059632778168
0.999104619026184
0.275823622941971
0.96807336807251
0.931565046310425
0.991370618343353
0.895731747150421
0.999344706535339
0.898673832416534
0.540298998355865
0.999845266342163
0.931565046310425
0.939006268978119
0.998685479164124
0.869966924190521
0.999534070491791
0.338757008314133
0.966098546981812
0.991370618343353
0.939006268978119
0.917826950550079
0.973600804805756
0.914100646972656
0.895450353622437
0.999627590179443
0.895731747150421
0.998685479164124
0.917826950550079
0.940993070602417
0.999940454959869
0.382663160562515
0.933059632778168
0.999344706535339
0.869966924190521
0.973600804805756
0.940993070602417
0.932129859924316
0.572248637676239
0.999104619026184
0.898673832416534
0.999534070491791
0.914100646972656
0.999940454959869
0.932129859924316
0.49062979221344
0.275823622941971
0.540298998355865
0.338757008314133
0.895450353622437
0.382663160562515
0.572248637676239
0.49062979221344
0.513030111789703
0.999970674514771
0.22020997107029
0.988005042076111
0.927578032016754
0.807201027870178
0.177892088890076
0.513030111789703
0.604678332805634
0.0739994049072266
0.246223390102386
0.859661936759949
0.943820714950562
0.433390289545059
0.999970674514771
0.604678332805634
0.206324696540833
0.987036883831024
0.963878393173218
0.911125063896179
0.412342876195908
0.22020997107029
0.0739994049072266
0.206324696540833
0.334997862577438
0.367295116186142
0.0562403984367847
0.744518220424652
0.988005042076111
0.246223390102386
0.987036883831024
0.334997862577438
0.991229772567749
0.797881066799164
0.216127038002014
