0.927578032016754
0.859661936759949
0.963878393173218
0.367295116186142
0.991229772567749
0.929017901420593
0.654822409152985
0.807201027870178
0.943820714950562
0.911125063896179
0.0562403984367847
0.797881066799164
0.929017901420593
0.725182950496674
0.177892088890076
0.433390289545059
0.412342876195908
0.744518220424652
0.216127038002014
0.654822409152985
0.725182950496674
0.99426943063736
0.999348282814026
0.754475951194763
0.997230172157288
0.987605392932892
0.997706353664398
0.951428651809692
0.99426943063736
0.950841724872589
0.821366369724274
0.936305999755859
0.998399913311005
0.946617364883423
0.948273658752441
0.999348282814026
0.950841724872589
0.773887634277344
0.997622072696686
0.942977726459503
0.998756110668182
0.938251733779907
0.754475951194763
0.821366369724274
0.773887634277344
0.537917196750641
0.755659461021423
0.531256675720215
0.960014581680298
0.997230172157288
0.936305999755859
0.997622072696686
0.537917196750641
0.985272586345673
0.999975383281708
0.987096607685089
0.987605392932892
0.998399913311005
0.942977726459503
0.755659461021423
0.985272586345673
0.9895960688591
0.99429327249527
0.997706353664398
0.946617364883423
0.998756110668182
0.531256675720215
0.999975383281708
0.9895960688591
0.993734419345856
0.951428651809692
0.948273658752441
0.938251733779907
0.960014581680298
0.987096607685089
0.99429327249527
0.993734419345856
0.977524757385254
0.99981552362442
0.957675635814667
0.999830424785614
0.993297338485718
0.999258458614349
0.748872995376587
0.977524757385254
0.968123614788055
0.91973876953125
0.928552448749542
0.996509075164795
0.919140100479126
0.861188173294067
0.99981552362442
0.968123614788055
0.948047518730164
0.998195469379425
0.990467011928558
0.99983286857605
0.75854879617691
0.957675635814667
0.91973876953125
0.948047518730164
0.92544686794281
0.92637026309967
0.894133388996124
0.978138864040375
0.999830424785614
0.928552448749542
0.998195469379425
0.92544686794281
0.998932898044586
0.99994432926178
0.827533423900604
0.993297338485718
0.996509075164795
0.990467011928558
0.92637026309967
0.998932898044586
0.998889267444611
0.926931202411652
0.999258458614349
0.919140100479126
0.99983286857605
0.894133388996124
0.99994432926178
0.998889267444611
0.813698768615723
0.748872995376587
0.861188173294067
0.75854879617691
0.978138864040375
0.827533423900604
0.926931202411652
0.813698768615723
0.999227643013
0.999855101108551
0.786966443061829
0.999751150608063
0.9900923371315
0.996784567832947
0.433113157749176
0.999227643013
0.989354074001312
0.609972178936005
0.994424998760223
0.999696552753448
0.966351687908173
0.425501555204391
0.999855101108551
0.989354074001312
0.812027990818024
0.993055820465088
0.932099640369415
0.999110519886017
0.719797730445862
0.786966443061829
0.609972178936005
0.812027990818024
0.555568099021912
0.238886430859566
0.827225804328918
0.998180150985718
0.999751150608063
0.994424998760223
0.993055820465088
0.555568099021912
0.997030377388
0.998891592025757
0.385009050369263
0.9900923371315
0.999696552753448
0.932099640369415
0.238886430859566
0.997030377388
0.950784742832184
0.389756292104721
0.996784567832947
0.966351687908173
0.999110519886017
0.827225804328918
0.998891592025757
0.950784742832184
0.819699764251709
0.433113157749176
0.425501555204391
0.719797730445862
0.998180150985718
0.385009050369263
0.389756292104721
0.819699764251709
0.992527365684509
0.9999840259552
0.981917142868042
0.999924063682556
0.98333078622818
0.999244272708893
0.912818014621735
0.992527365684509
0.994325459003448
0.95279997587204
0.979880332946777
0.999831676483154
0.970671832561493
0.882690668106079
0.9999840259552
0.994325459003448
0.988589286804199
0.999918580055237
0.993502080440521
0.999809443950653
0.93811422586441
0.981917142868042
0.95279997587204
0.988589286804199
0.980457544326782
0.914470851421356
0.966504573822021
0.999397873878479
0.999924063682556
0.979880332946777
0.999918580055237
0.980457544326782
0.993917942047119
0.999937415122986
0.964174807071686
0.98333078622818
0.999831676483154
0.993502080440521
0.914470851421356
0.993917942047119
0.990267753601074
0.906257092952728
0.999244272708893
0.970671832561493
0.999809443950653
0.966504573822021
0.999937415122986
0.990267753601074
0.974844574928284
0.912818014621735
0.882690668106079
0.93811422586441
0.999397873878479
0.964174807071686
0.906257092952728
0.974844574928284
0.943987667560577
0.999736189842224
0.914480090141296
0.999088823795319
0.787779867649078
0.999464511871338
0.772256135940552
0.943987667560577
0.941527485847473
0.992034077644348
0.899116158485413
0.998465120792389
0.911387145519257
0.92572158575058
0.999736189842224
0.941527485847473
0.933275520801544
0.99677300453186
0.789736807346344
0.999244809150696
0.742481589317322
0.914480090141296
0.992034077644348
0.933275520801544
0.827086627483368
0.946835935115814
0.867077171802521
0.998193800449371
0.999088823795319
0.899116158485413
0.99677300453186
0.827086627483368
0.932745575904846
0.999951004981995
0.927333354949951
0.787779867649078
0.998465120792389
0.789736807346344
0.946835935115814
0.932745575904846
0.917079567909241
0.980403959751129
0.999464511871338
0.911387145519257
0.999244809150696
0.867077171802521
0.999951004981995
0.917079567909241
0.923788487911224
0.772256135940552
0.92572158575058
0.742481589317322
0.998193800449371
0.927333354949951
0.980403959751129
0.923788487911224
0.972503423690796
0.999744474887848
0.98819100856781
0.999054670333862
0.862927198410034
0.993605613708496
0.949898898601532
0.972503423690796
0.956757724285126
0.988454222679138
0.935718834400177
0.999589145183563
0.906988441944122
0.937691211700439
0.999744474887848
0.956757724285126
0.989561140537262
0.985318601131439
0.735867559909821
0.992574155330658
0.940104186534882
0.98819100856781
0.988454222679138
0.989561140537262
0.923323035240173
0.953731894493103
0.928475022315979
0.996258020401001
0.999054670333862
0.935718834400177
0.985318601131439
0.923323035240173
0.983152985572815
0.998795092105865
0.9796422123909
0.862927198410034
0.999589145183563
0.735867559909821
0.953731894493103
0.983152985572815
0.946881115436554
0.983364105224609
0.993605613708496
0.906988441944122
0.992574155330658
0.928475022315979
0.998795092105865
0.946881115436554
0.985830366611481
0.949898898601532
0.937691211700439
0.940104186534882
0.996258020401001
0.9796422123909
0.983364105224609
0.985830366611481
0.995067477226257
0.99987930059433
0.366845697164536
0.999234616756439
0.988619446754456
0.999238789081573
0.14731165766716
0.995067477226257
0.980707764625549
0.910216629505157
0.988149464130402
0.999806940555573
0.976600348949432
0.504844963550568
0.99987930059433
0.980707764625549
0.471248179674149
0.995494186878204
0.961923122406006
0.99978631734848
0.127862975001335
0.366845697164536
0.910216629505157
0.471248179674149
0.132454290986061
0.714947700500488
0.199515387415886
0.996889591217041
0.999234616756439
0.988149464130402
0.995494186878204
0.132454290986061
0.999257624149323
0.999917507171631
0.0188741963356733
0.988619446754456
0.999806940555573
0.961923122406006
0.714947700500488
0.999257624149323
0.995168387889862
0.376707673072815
0.999238789081573
0.976600348949432
0.99978631734848
0.199515387415886
0.999917507171631
0.995168387889862
0.161340862512589
0.14731165766716
0.504844963550568
0.127862975001335
0.996889591217041
0.0188741963356733
0.376707673072815
0.161340862512589
0.989710509777069
0.997160136699677
0.102208726108074
0.997908711433411
0.866605341434479
0.994331657886505
0.196861490607262
0.989710509777069
0.882027924060822
0.610925078392029
0.963357925415039
0.989678263664246
0.80769020318985
0.570783376693726
0.997160136699677
0.882027924060822
0.254019439220428
0.965269088745117
0.605834901332855
0.988115847110748
0.438558995723724
0.102208726108074
0.610925078392029
0.254019439220428
0.1313446611166
0.70974588394165
0.251557618379593
0.905739068984985
0.997908711433411
0.963357925415039
0.965269088745117
0.1313446611166
0.965019285678864
0.999299466609955
0.449688464403152
0.866605341434479
0.989678263664246
0.605834901332855
0.70974588394165
0.965019285678864
0.92175704240799
0.574778258800507
0.994331657886505
0.80769020318985
0.988115847110748
0.251557618379593
0.999299466609955
0.92175704240799
0.78660386800766
0.196861490607262
0.570783376693726
0.438558995723724
0.905739068984985
0.449688464403152
0.574778258800507
0.78660386800766
0.998948991298676
0.999944984912872
0.291714370250702
0.999725103378296
0.996141314506531
0.999052941799164
0.0998568385839462
0.998948991298676
0.997172951698303
0.378327518701553
0.996771395206451
0.9998459815979
0.985380709171295
0.114509262144566
0.999944984912872
0.997172951698303
0.276710391044617
0.998013019561768
0.984333336353302
0.99895316362381
0.0290003065019846
0.291714370250702
0.378327518701553
0.276710391044617
0.0721027553081512
0.401391714811325
0.179762035608292
0.937184810638428
0.999725103378296
0.996771395206451
0.998013019561768
0.0721027553081512
0.999787151813507
0.999752640724182
0.109606735408306
0.996141314506531
0.9998459815979
0.984333336353302
0.401391714811325
0.999787151813507
0.996098637580872
0.0826100185513496
0.999052941799164
0.985380709171295
0.99895316362381
0.179762035608292
0.999752640724182
0.996098637580872
0.165666684508324
0.0998568385839462
0.114509262144566
0.0290003065019846
0.937184810638428
0.109606735408306
0.0826100185513496
0.165666684508324
0.997478723526001
0.999673902988434
0.957614362239838
0.997575044631958
0.922515869140625
0.985917747020721
0.854201853275299
0.997478723526001
0.992991924285889
0.955134034156799
0.992286086082459
0.997592926025391
0.956852436065674
0.924518883228302
0.999673902988434
0.992991924285889
0.936423301696777
0.994077980518341
0.912038505077362
0.998615741729736
0.794840157032013
0.957614362239838
0.955134034156799
0.936423301696777
0.834937453269959
0.918698668479919
0.869889378547668
0.930908679962158
0.997575044631958
0.992286086082459
0.994077980518341
0.834937453269959
0.987544298171997
0.998847961425781
0.931368827819824
0.922515869140625
0.997592926025391
0.912038505077362
0.918698668479919
0.987544298171997
0.959351539611816
0.9219069480896
0.985917747020721
0.956852436065674
0.998615741729736
0.869889378547668
0.998847961425781
0.959351539611816
0.942130208015442
0.854201853275299
0.924518883228302
0.794840157032013
0.930908679962158
0.931368827819824
0.9219069480896
0.942130208015442
0.994565010070801
0.997266530990601
0.996668219566345
0.998898804187775
0.937711179256439
0.996435225009918
0.970324277877808
0.994565010070801
0.959451735019684
0.91850084066391
0.962450265884399
0.998514413833618
0.984983742237091
0.820135414600372
0.997266530990601
0.959451735019684
0.951618432998657
0.99064826965332
0.919161081314087
0.999092221260071
0.827596664428711
0.996668219566345
0.91850084066391
0.951618432998657
0.985097050666809
0.764842629432678
0.93646377325058
0.997350811958313
0.998898804187775
0.962450265884399
0.99064826965332
0.985097050666809
0.983769953250885
0.997027277946472
0.993565440177917
0.937711179256439
0.998514413833618
0.919161081314087
0.764842629432678
0.983769953250885
0.983812570571899
0.854010403156281
0.996435225009918
0.984983742237091
0.999092221260071
0.93646377325058
0.997027277946472
0.983812570571899
0.853412330150604
0.970324277877808
0.820135414600372
0.827596664428711
0.997350811958313
0.993565440177917
0.854010403156281
0.853412330150604
0.99838924407959
0.983390331268311
0.812375366687775
0.999908268451691
0.994706690311432
0.962197244167328
0.780621588230133
0.99838924407959
0.962871968746185
0.620114147663116
0.989358186721802
0.999875426292419
0.895712971687317
0.196422040462494
0.983390331268311
0.962871968746185
0.856738805770874
0.974286258220673
0.947928667068481
0.999456286430359
0.868423819541931
0.812375366687775
0.620114147663116
0.856738805770874
0.668534517288208
0.741459786891937
0.830279409885406
0.568688988685608
0.999908268451691
0.989358186721802
0.974286258220673
0.668534517288208
0.99559497833252
0.994076728820801
0.926576733589172
0.994706690311432
0.999875426292419
0.947928667068481
0.741459786891937
0.99559497833252
0.91881138086319
0.256014317274094
0.962197244167328
0.895712971687317
0.999456286430359
0.830279409885406
0.994076728820801
0.91881138086319
0.958806216716766
0.780621588230133
0.196422040462494
0.868423819541931
0.568688988685608
0.926576733589172
0.256014317274094
0.958806216716766
0.990685522556305
0.999593138694763
0.771197974681854
0.999261379241943
0.984276831150055
0.989790916442871
0.806795179843903
0.990685522556305
0.958808243274689
0.633773922920227
0.912208259105682
0.991400718688965
0.883547902107239
0.875180721282959
0.999593138694763
0.958808243274689
0.779298424720764
0.9910569190979
0.978035151958466
0.994302272796631
0.565989553928375
0.771197974681854
0.633773922920227
0.779298424720764
0.722582101821899
0.439046800136566
0.615709006786346
0.821219384670258
0.999261379241943
0.912208259105682
0.9910569190979
0.722582101821899
0.993320822715759
0.999482810497284
0.829371988773346
0.984276831150055
0.991400718688965
0.978035151958466
0.439046800136566
0.993320822715759
0.993514358997345
0.83835369348526
0.989790916442871
0.883547902107239
0.994302272796631
0.615709006786346
0.999482810497284
0.993514358997345
0.645103394985199
0.806795179843903
0.875180721282959
0.565989553928375
0.821219384670258
0.829371988773346
0.83835369348526
0.645103394985199
0.879391193389893
0.991231441497803
0.641474485397339
0.999884307384491
0.940471351146698
0.988315045833588
0.389325678348541
0.879391193389893
0.807097494602203
0.683353006839752
0.905268728733063
0.998364627361298
0.796712040901184
0.778153240680695
0.991231441497803
0.807097494602203
0.7496138215065
0.980547726154327
0.879395246505737
0.999953985214233
0.777342796325684
0.641474485397339
0.683353006839752
0.7496138215065
0.460532426834106
0.752228081226349
0.778865158557892
0.998920619487762
0.999884307384491
0.905268728733063
0.980547726154327
0.460532426834106
0.980065882205963
0.994872272014618
0.645261585712433
0.940471351146698
0.998364627361298
0.879395246505737
0.752228081226349
0.980065882205963
0.926244378089905
0.872640609741211
0.988315045833588
0.796712040901184
0.999953985214233
0.778865158557892
0.994872272014618
0.926244378089905
0.866792142391205
0.389325678348541
0.778153240680695
0.777342796325684
0.998920619487762
0.645261585712433
0.872640609741211
0.866792142391205
0.888978064060211
0.999694585800171
0.857057631015778
0.985014617443085
0.875795245170593
0.998040318489075
0.730349719524384
0.888978064060211
0.868961930274963
0.963841617107391
0.865780174732208
0.999330580234528
0.809567391872406
0.918116092681885
0.999694585800171
0.868961930274963
0.903416097164154
0.96322500705719
0.856129825115204
0.999307572841644
0.835855185985565
0.857057631015778
0.963841617107391
0.903416097164154
0.802616834640503
0.969900012016296
0.880653083324432
0.999500811100006
0.985014617443085
0.865780174732208
0.96322500705719
0.802616834640503
0.972380399703979
0.998917460441589
0.900891065597534
0.875795245170593
0.999330580234528
0.856129825115204
0.969900012016296
0.972380399703979
0.946949303150177
0.988469362258911
0.998040318489075
0.809567391872406
0.999307572841644
0.880653083324432
0.998917460441589
0.946949303150177
0.947155237197876
0.730349719524384
0.918116092681885
0.835855185985565
0.999500811100006
0.900891065597534
0.988469362258911
0.947155237197876
0.997470915317535
0.999642014503479
0.958471834659576
0.999165892601013
0.997944891452789
0.997330248355865
0.84504359960556
0.997470915317535
0.996195912361145
0.994548678398132
0.961179316043854
0.991243541240692
0.940015375614166
0.916259109973907
0.999642014503479
0.996195912361145
0.972013771533966
0.99534797668457
0.985538423061371
0.998175740242004
0.830473840236664
0.958471834659576
0.994548678398132
0.972013771533966
0.928629279136658
0.965247690677643
0.920648276805878
0.996848940849304
0.999165892601013
0.961179316043854
0.99534797668457
0.928629279136658
0.99974524974823
0.999969065189362
0.938068091869354
0.997944891452789
0.991243541240692
0.985538423061371
0.965247690677643
0.99974524974823
0.998501598834991
0.975452721118927
0.997330248355865
0.940015375614166
0.998175740242004
0.920648276805878
0.999969065189362
0.998501598834991
0.92226254940033
0.84504359960556
0.916259109973907
0.830473840236664
0.996848940849304
0.938068091869354
0.975452721118927
0.92226254940033
0.997470676898956
0.999467134475708
0.712025105953217
0.999808788299561
0.990933239459991
0.995059072971344
0.261882275342941
0.997470676898956
0.987826406955719
0.80476188659668
0.9963498711586
0.999829411506653
0.969620525836945
0.222352966666222
