0.891778469085693
0.999908924102783
0.921565771102905
0.999398291110992
0.850713789463043
0.998910546302795
0.858593106269836
0.891778469085693
0.929325103759766
0.839363694190979
0.97400689125061
0.99986332654953
0.892774224281311
0.603700041770935
0.999908924102783
0.929325103759766
0.883965194225311
0.998354196548462
0.872276484966278
0.999770283699036
0.697486400604248
0.921565771102905
0.839363694190979
0.883965194225311
0.842682838439941
0.765480518341064
0.705568253993988
0.999744832515717
0.999398291110992
0.97400689125061
0.998354196548462
0.842682838439941
0.987440943717957
0.999679088592529
0.884820520877838
0.850713789463043
0.99986332654953
0.872276484966278
0.765480518341064
0.987440943717957
0.93119889497757
0.728595495223999
0.998910546302795
0.892774224281311
0.999770283699036
0.705568253993988
0.999679088592529
0.93119889497757
0.795969307422638
0.858593106269836
0.603700041770935
0.697486400604248
0.999744832515717
0.884820520877838
0.728595495223999
0.795969307422638
0.999722719192505
0.999800145626068
0.770620822906494
0.999944925308228
0.997253060340881
0.999439060688019
0.328144997358322
0.999722719192505
0.990704834461212
0.932408154010773
0.996517777442932
0.99993509054184
0.976750612258911
0.789859414100647
0.999800145626068
0.990704834461212
0.84146910905838
0.999852240085602
0.966709434986115
0.999824464321136
0.496601402759552
0.770620822906494
0.932408154010773
0.84146910905838
0.531879544258118
0.868614971637726
0.806240439414978
0.976254642009735
0.999944925308228
0.996517777442932
0.999852240085602
0.531879544258118
0.998054087162018
0.999943256378174
0.291231602430344
0.997253060340881
0.99993509054184
0.966709434986115
0.868614971637726
0.998054087162018
0.966675817966461
0.751966655254364
0.999439060688019
0.976750612258911
0.999824464321136
0.806240439414978
0.999943256378174
0.966675817966461
0.697478711605072
0.328144997358322
0.789859414100647
0.496601402759552
0.976254642009735
0.291231602430344
0.751966655254364
0.697478711605072
0.995409250259399
0.999974071979523
0.98275238275528
0.999959588050842
0.99148964881897
0.999727249145508
0.981043457984924
0.995409250259399
0.984149694442749
0.987276256084442
0.985391557216644
0.999959111213684
0.989681482315063
0.977687954902649
0.999974071979523
0.984149694442749
0.967396020889282
0.999779939651489
0.974940478801727
0.999560296535492
0.963583946228027
0.98275238275528
0.987276256084442
0.967396020889282
0.938406765460968
0.972350835800171
0.936051070690155
0.999488592147827
0.999959588050842
0.985391557216644
0.999779939651489
0.938406765460968
0.996055901050568
0.999967813491821
0.987232506275177
0.99148964881897
0.999959111213684
0.974940478801727
0.972350835800171
0.996055901050568
0.997706055641174
0.989224135875702
0.999727249145508
0.989681482315063
0.999560296535492
0.936051070690155
0.999967813491821
0.997706055641174
0.979140639305115
0.981043457984924
0.977687954902649
0.963583946228027
0.999488592147827
0.987232506275177
0.989224135875702
0.979140639305115
0.972590565681458
0.999911487102509
0.661576628684998
0.999708235263824
0.937014877796173
0.997407555580139
0.19434067606926
0.972590565681458
0.971864759922028
0.912351787090302
0.963907539844513
0.998872399330139
0.901165962219238
0.75048303604126
0.999911487102509
0.971864759922028
0.790867447853088
0.998628914356232
0.953336477279663
0.998709678649902
0.331952273845673
0.661576628684998
0.912351787090302
0.790867447853088
0.364553540945053
0.940739035606384
0.901648640632629
0.987689733505249
0.999708235263824
0.963907539844513
0.998628914356232
0.364553540945053
0.974832355976105
0.99982476234436
0.425665378570557
0.937014877796173
0.998872399330139
0.953336477279663
0.940739035606384
0.974832355976105
0.937904715538025
0.831575870513916
0.997407555580139
0.901165962219238
0.998709678649902
0.901648640632629
0.99982476234436
0.937904715538025
0.643210709095001
0.19434067606926
0.75048303604126
0.331952273845673
0.987689733505249
0.425665378570557
0.831575870513916
0.643210709095001
0.993843257427216
0.999831676483154
0.941988945007324
0.998149037361145
0.988698184490204
0.994778096675873
0.906034767627716
0.993843257427216
0.974247634410858
0.989899277687073
0.970682978630066
0.998847424983978
0.926357448101044
0.872810900211334
0.999831676483154
0.974247634410858
0.971017301082611
0.9970743060112
0.975422322750092
0.999615967273712
0.938862085342407
0.941988945007324
0.989899277687073
0.971017301082611
0.939673244953156
0.986954689025879
0.957605302333832
0.986325860023499
0.998149037361145
0.970682978630066
0.9970743060112
0.939673244953156
0.999214589595795
0.99980640411377
0.965132653713226
0.988698184490204
0.998847424983978
0.975422322750092
0.986954689025879
0.999214589595795
0.990300476551056
0.973183631896973
0.994778096675873
0.926357448101044
0.999615967273712
0.957605302333832
0.99980640411377
0.990300476551056
0.986010670661926
0.906034767627716
0.872810900211334
0.938862085342407
0.986325860023499
0.965132653713226
0.973183631896973
0.986010670661926
0.990191757678986
0.999981343746185
0.976633906364441
0.999914705753326
0.992623805999756
0.999878346920013
0.719372749328613
0.990191757678986
0.993275463581085
0.894763290882111
0.945679724216461
0.999669313430786
0.969505608081818
0.618004143238068
0.999981343746185
0.993275463581085
0.946357369422913
0.999480247497559
0.991985440254211
0.999839186668396
0.720254242420197
0.976633906364441
0.894763290882111
0.946357369422913
0.941068291664124
0.954551815986633
0.936095058917999
0.997132301330566
0.999914705753326
0.945679724216461
0.999480247497559
0.941068291664124
0.996221125125885
0.999993324279785
0.822197198867798
0.992623805999756
0.999669313430786
0.991985440254211
0.954551815986633
0.996221125125885
0.996712505817413
0.932367622852325
0.999878346920013
0.969505608081818
0.999839186668396
0.936095058917999
0.999993324279785
0.996712505817413
0.837543487548828
0.719372749328613
0.618004143238068
0.720254242420197
0.997132301330566
0.822197198867798
0.932367622852325
0.837543487548828
0.937756419181824
0.999978482723236
0.957808077335358
0.999582529067993
0.830177962779999
0.999224483966827
0.473685443401337
0.937756419181824
0.962849795818329
0.667684197425842
0.935731947422028
0.999196231365204
0.87174791097641
0.229649588465691
0.999978482723236
0.962849795818329
0.934644341468811
0.99912965297699
0.9118732213974
0.999638259410858
0.44750440120697
0.957808077335358
0.667684197425842
0.934644341468811
0.925064444541931
0.635549008846283
0.919154107570648
0.929199874401093
0.999582529067993
0.935731947422028
0.99912965297699
0.925064444541931
0.93630850315094
0.999952375888824
0.311248868703842
0.830177962779999
0.999196231365204
0.9118732213974
0.635549008846283
0.93630850315094
0.895891666412354
0.211993739008904
0.999224483966827
0.87174791097641
0.999638259410858
0.919154107570648
0.999952375888824
0.895891666412354
0.426204055547714
0.473685443401337
0.229649588465691
0.44750440120697
0.929199874401093
0.311248868703842
0.211993739008904
0.426204055547714
0.960308790206909
0.999956369400024
0.958680868148804
0.999775350093842
0.903111577033997
0.998222947120667
0.770774006843567
0.960308790206909
0.966310083866119
0.977543830871582
0.938026189804077
0.999863266944885
0.946369707584381
0.855266690254211
0.999956369400024
0.966310083866119
0.956275463104248
0.999626755714417
0.928378343582153
0.99983811378479
0.713684320449829
0.958680868148804
0.977543830871582
0.956275463104248
0.945752680301666
0.960405111312866
0.907639622688293
0.992593228816986
0.999775350093842
0.938026189804077
0.999626755714417
0.945752680301666
0.971595942974091
0.999918341636658
0.808449864387512
0.903111577033997
0.999863266944885
0.928378343582153
0.960405111312866
0.971595942974091
0.965292394161224
0.898013770580292
0.998222947120667
0.946369707584381
0.99983811378479
0.907639622688293
0.999918341636658
0.965292394161224
0.760018408298492
0.770774006843567
0.855266690254211
0.713684320449829
0.992593228816986
0.808449864387512
0.898013770580292
0.760018408298492
0.99567574262619
0.995214283466339
0.974770724773407
0.999897360801697
0.987055778503418
0.999379336833954
0.909283697605133
0.99567574262619
0.868175148963928
0.998004257678986
0.969383835792542
0.999583899974823
0.956426024436951
0.976991593837738
0.995214283466339
0.868175148963928
0.855157434940338
0.995033204555511
0.599418222904205
0.996978223323822
0.75322550535202
0.974770724773407
0.998004257678986
0.855157434940338
0.935570240020752
0.993454873561859
0.946395099163055
0.999500215053558
0.999897360801697
0.969383835792542
0.995033204555511
0.935570240020752
0.985920786857605
0.999973714351654
0.944546520709991
0.987055778503418
0.999583899974823
0.599418222904205
0.993454873561859
0.985920786857605
0.98011314868927
0.992556631565094
0.999379336833954
0.956426024436951
0.996978223323822
0.946395099163055
0.999973714351654
0.98011314868927
0.955512940883636
0.909283697605133
0.976991593837738
0.75322550535202
0.999500215053558
0.944546520709991
0.992556631565094
0.955512940883636
0.986627101898193
0.999950885772705
0.960408389568329
0.998204827308655
0.968104600906372
0.99632203578949
0.922905683517456
0.986627101898193
0.955907106399536
0.935573101043701
0.931304037570953
0.999446094036102
0.906602561473846
0.978574812412262
0.999950885772705
0.955907106399536
0.944841921329498
0.9976806640625
0.906835675239563
0.997252225875854
0.728240668773651
0.960408389568329
0.935573101043701
0.944841921329498
0.901939630508423
0.912144660949707
0.863884747028351
0.949991524219513
0.998204827308655
0.931304037570953
0.9976806640625
0.901939630508423
0.966103971004486
0.999389231204987
0.963913679122925
0.968104600906372
0.999446094036102
0.906835675239563
0.912144660949707
0.966103971004486
0.948607385158539
0.991291642189026
0.99632203578949
0.906602561473846
0.997252225875854
0.863884747028351
0.999389231204987
0.948607385158539
0.944729864597321
0.922905683517456
0.978574812412262
0.728240668773651
0.949991524219513
0.963913679122925
0.991291642189026
0.944729864597321
0.995205402374268
0.999933302402496
0.855576574802399
0.999815762042999
0.954576253890991
0.998045682907104
0.794660866260529
0.995205402374268
0.964749693870544
0.81934118270874
0.989980459213257
0.999024391174316
0.904999136924744
0.660368204116821
0.999933302402496
0.964749693870544
0.67942875623703
0.999693393707275
0.938729345798492
0.999758064746857
0.563635647296906
0.855576574802399
0.81934118270874
0.67942875623703
0.787474155426025
0.634128928184509
0.459700495004654
0.99392557144165
0.999815762042999
0.989980459213257
0.999693393707275
0.787474155426025
0.983637690544128
0.999871909618378
0.781577050685883
0.954576253890991
0.999024391174316
0.938729345798492
0.634128928184509
0.983637690544128
0.961327850818634
0.630577623844147
0.998045682907104
0.904999136924744
0.999758064746857
0.459700495004654
0.999871909618378
0.961327850818634
0.52789443731308
0.794660866260529
0.660368204116821
0.563635647296906
0.99392557144165
0.781577050685883
0.630577623844147
0.52789443731308
0.99960845708847
0.999498963356018
0.947668552398682
0.999501764774323
0.972338616847992
0.996389746665955
0.870412409305573
0.99960845708847
0.995151698589325
0.958397209644318
0.997581779956818
0.996838808059692
0.980814754962921
0.952833950519562
0.999498963356018
0.995151698589325
0.982234656810761
0.997013509273529
0.962561666965485
0.996056258678436
0.938969552516937
0.947668552398682
0.958397209644318
0.982234656810761
0.905884444713593
0.923968076705933
0.797926723957062
0.974848210811615
0.999501764774323
0.997581779956818
0.997013509273529
0.905884444713593
0.997802436351776
0.999769270420074
0.974889814853668
0.972338616847992
0.996838808059692
0.962561666965485
0.923968076705933
0.997802436351776
0.980625867843628
0.963012039661407
0.996389746665955
0.980814754962921
0.996056258678436
0.797926723957062
0.999769270420074
0.980625867843628
0.982180833816528
0.870412409305573
0.952833950519562
0.938969552516937
0.974848210811615
0.974889814853668
0.963012039661407
0.982180833816528
0.981688022613525
0.999940752983093
0.86078417301178
0.999651730060577
0.915392100811005
0.998654425144196
0.650290727615356
0.981688022613525
0.986913919448853
0.939578056335449
0.939489364624023
0.998433828353882
0.899686753749847
0.777533888816834
0.999940752983093
0.986913919448853
0.937481045722961
0.998656809329987
0.892703950405121
0.99874472618103
0.844510734081268
0.86078417301178
0.939578056335449
0.937481045722961
0.794887840747833
0.896445631980896
0.877444803714752
0.999248325824738
0.999651730060577
0.939489364624023
0.998656809329987
0.794887840747833
0.974788367748261
0.999863028526306
0.885078489780426
0.915392100811005
0.998433828353882
0.892703950405121
0.896445631980896
0.974788367748261
0.941738426685333
0.804876387119293
0.998654425144196
0.899686753749847
0.99874472618103
0.877444803714752
0.999863028526306
0.941738426685333
0.921461224555969
0.650290727615356
0.777533888816834
0.844510734081268
0.999248325824738
0.885078489780426
0.804876387119293
0.921461224555969
0.979061126708984
0.999931514263153
0.862231075763702
0.999151945114136
0.943419277667999
0.99910569190979
0.786499500274658
0.979061126708984
0.96538120508194
0.922805070877075
0.96842098236084
0.999656796455383
0.982235133647919
0.852698147296906
0.999931514263153
0.96538120508194
0.89325475692749
0.998723030090332
0.90867292881012
0.998932361602783
0.804705321788788
0.862231075763702
0.922805070877075
0.89325475692749
0.823484778404236
0.910193264484406
0.784162759780884
0.998772263526917
0.999151945114136
0.96842098236084
0.998723030090332
0.823484778404236
0.98084419965744
0.999973356723785
0.853783547878265
0.943419277667999
0.999656796455383
0.90867292881012
0.910193264484406
0.98084419965744
0.988575041294098
0.921677768230438
0.99910569190979
0.982235133647919
0.998932361602783
0.784162759780884
0.999973356723785
0.988575041294098
0.821456670761108
0.786499500274658
0.852698147296906
0.804705321788788
0.998772263526917
0.853783547878265
0.921677768230438
0.821456670761108
0.993997693061829
0.999992311000824
0.981672286987305
0.999871134757996
0.977071106433868
0.999931812286377
0.915490031242371
0.993997693061829
0.985838055610657
0.995397210121155
0.985110700130463
0.999963164329529
0.964511036872864
0.976462543010712
0.999992311000824
0.985838055610657
0.972136378288269
0.999878406524658
0.965120911598206
0.999920010566711
0.911717534065247
0.981672286987305
0.995397210121155
0.972136378288269
0.936604201793671
0.988158404827118
0.922557950019836
0.999290883541107
0.999871134757996
0.985110700130463
0.999878406524658
0.936604201793671
0.99497926235199
0.999995231628418
0.943928301334381
0.977071106433868
0.999963164329529
0.965120911598206
0.988158404827118
0.99497926235199
0.985611855983734
0.988924264907837
0.999931812286377
0.964511036872864
0.999920010566711
0.922557950019836
0.999995231628418
0.985611855983734
0.921671152114868
0.915490031242371
0.976462543010712
0.911717534065247
0.999290883541107
0.943928301334381
0.988924264907837
0.921671152114868
0.983379721641541
0.999929487705231
0.912067055702209
0.999313592910767
0.997966110706329
0.998838841915131
0.962119817733765
0.983379721641541
0.941422164440155
0.926616311073303
0.912198841571808
0.994088232517242
0.891814470291138
0.964326918125153
0.999929487705231
0.941422164440155
0.889492750167847
0.99960458278656
0.992902636528015
0.999709486961365
0.919569909572601
0.912067055702209
0.926616311073303
0.889492750167847
0.839702129364014
0.899807572364807
0.82145631313324
0.971763610839844
0.999313592910767
0.912198841571808
0.99960458278656
0.839702129364014
0.997777283191681
0.999979555606842
0.959703981876373
0.997966110706329
0.994088232517242
0.992902636528015
0.899807572364807
0.997777283191681
0.997794330120087
0.992377758026123
0.998838841915131
0.891814470291138
0.999709486961365
0.82145631313324
0.999979555606842
0.997794330120087
0.954830944538116
0.962119817733765
0.964326918125153
0.919569909572601
0.971763610839844
0.959703981876373
0.992377758026123
0.954830944538116
0.996393382549286
0.999720454216003
0.898835361003876
0.999621689319611
0.990410566329956
0.993395030498505
0.855891287326813
0.996393382549286
0.978300929069519
0.876978874206543
0.989105343818665
0.999548196792603
0.958919107913971
0.792911171913147
0.999720454216003
0.978300929069519
0.963212490081787
0.996805727481842
0.977533936500549
0.999666213989258
0.960265874862671
0.898835361003876
0.876978874206543
0.963212490081787
0.909272909164429
0.82356184720993
0.924879908561707
0.993839144706726
0.999621689319611
0.989105343818665
0.996805727481842
0.909272909164429
0.998526573181152
0.999822735786438
0.955181539058685
