0.999626576900482
0.898559331893921
0.333942830562592
0.990169167518616
0.923234164714813
0.992717146873474
0.524054288864136
0.731513261795044
0.986222505569458
0.333942830562592
0.700963258743286
0.92730450630188
0.435322493314743
0.993793964385986
0.998781025409698
0.912944674491882
0.990169167518616
0.700963258743286
0.997633576393127
0.999283790588379
0.910395562648773
0.970184564590454
0.995361089706421
0.923234164714813
0.92730450630188
0.997633576393127
0.979816973209381
0.944788932800293
0.995824456214905
0.839212715625763
0.992717146873474
0.435322493314743
0.999283790588379
0.979816973209381
0.511328101158142
0.819012939929962
0.791869223117828
0.524054288864136
0.993793964385986
0.910395562648773
0.944788932800293
0.511328101158142
0.958414852619171
0.999772489070892
0.812333822250366
0.997726500034332
0.962136089801788
0.993244469165802
0.417773127555847
0.958414852619171
0.909177303314209
0.75274795293808
0.880783259868622
0.998265087604523
0.753020405769348
0.454385697841644
0.999772489070892
0.909177303314209
0.802690386772156
0.996752679347992
0.899130582809448
0.997486174106598
0.256109297275543
0.812333822250366
0.75274795293808
0.802690386772156
0.383407652378082
0.614629089832306
0.444625854492188
0.998086631298065
0.997726500034332
0.880783259868622
0.996752679347992
0.383407652378082
0.986837148666382
0.999903917312622
0.639563620090485
0.962136089801788
0.998265087604523
0.899130582809448
0.614629089832306
0.986837148666382
0.958022773265839
0.803933024406433
0.993244469165802
0.753020405769348
0.997486174106598
0.444625854492188
0.999903917312622
0.958022773265839
0.809076309204102
0.417773127555847
0.454385697841644
0.256109297275543
0.998086631298065
0.639563620090485
0.803933024406433
0.809076309204102
0.959667384624481
0.999796688556671
0.479411840438843
0.994571149349213
0.916388928890228
0.994823455810547
0.405368566513062
0.959667384624481
0.939194977283478
0.811744928359985
0.778236210346222
0.993352472782135
0.697070181369781
0.60515296459198
0.999796688556671
0.939194977283478
0.551001965999603
0.994109570980072
0.902297914028168
0.995112061500549
0.620623290538788
0.479411840438843
0.811744928359985
0.551001965999603
0.613033652305603
0.699229776859283
0.684456050395966
0.993007302284241
0.994571149349213
0.778236210346222
0.994109570980072
0.613033652305603
0.989072382450104
0.999959826469421
0.931506633758545
0.916388928890228
0.993352472782135
0.902297914028168
0.699229776859283
0.989072382450104
0.985643327236176
0.950681626796722
0.994823455810547
0.697070181369781
0.995112061500549
0.684456050395966
0.999959826469421
0.985643327236176
0.89565634727478
0.405368566513062
0.60515296459198
0.620623290538788
0.993007302284241
0.931506633758545
0.950681626796722
0.89565634727478
0.954211711883545
0.999678015708923
0.884902000427246
0.99808931350708
0.875778913497925
0.995921492576599
0.731430470943451
0.954211711883545
0.908354103565216
0.956015169620514
0.8306764960289
0.998952805995941
0.639300942420959
0.908678412437439
0.999678015708923
0.908354103565216
0.899623572826386
0.989945948123932
0.813456654548645
0.994539678096771
0.768891334533691
0.884902000427246
0.956015169620514
0.899623572826386
0.600289046764374
0.914317011833191
0.507558047771454
0.998631298542023
0.99808931350708
0.8306764960289
0.989945948123932
0.600289046764374
0.962388515472412
0.999808311462402
0.881692469120026
0.875778913497925
0.998952805995941
0.813456654548645
0.914317011833191
0.962388515472412
0.911051511764526
0.955667793750763
0.995921492576599
0.639300942420959
0.994539678096771
0.507558047771454
0.999808311462402
0.911051511764526
0.834377765655518
0.731430470943451
0.908678412437439
0.768891334533691
0.998631298542023
0.881692469120026
0.955667793750763
0.834377765655518
0.994321763515472
0.999909460544586
0.977979719638824
0.997912704944611
0.978552758693695
0.995860278606415
0.917020559310913
0.994321763515472
0.993945956230164
0.965849697589874
0.935246109962463
0.990181267261505
0.945442914962769
0.917566478252411
0.999909460544586
0.993945956230164
0.986498534679413
0.99125748872757
0.963430643081665
0.992099761962891
0.899403929710388
0.977979719638824
0.965849697589874
0.986498534679413
0.891020834445953
0.861157178878784
0.915447413921356
0.987080514431
0.997912704944611
0.935246109962463
0.99125748872757
0.891020834445953
0.999581217765808
0.999970853328705
0.968750476837158
0.978552758693695
0.990181267261505
0.963430643081665
0.861157178878784
0.999581217765808
0.999337077140808
0.971566021442413
0.995860278606415
0.945442914962769
0.992099761962891
0.915447413921356
0.999970853328705
0.999337077140808
0.965129673480988
0.917020559310913
0.917566478252411
0.899403929710388
0.987080514431
0.968750476837158
0.971566021442413
0.965129673480988
0.994092702865601
0.999779999256134
0.88623434305191
0.999015927314758
0.995465099811554
0.997206330299377
0.761808753013611
0.994092702865601
0.962004005908966
0.581443905830383
0.93582546710968
0.989179968833923
0.872929394245148
0.768787980079651
0.999779999256134
0.962004005908966
0.91995906829834
0.994228720664978
0.989303708076477
0.999246656894684
0.758899688720703
0.88623434305191
0.581443905830383
0.91995906829834
0.930837690830231
0.866683542728424
0.915028154850006
0.991459250450134
0.999015927314758
0.93582546710968
0.994228720664978
0.930837690830231
0.999529898166656
0.999329507350922
0.893707931041718
0.995465099811554
0.989179968833923
0.989303708076477
0.866683542728424
0.999529898166656
0.99780684709549
0.93562388420105
0.997206330299377
0.872929394245148
0.999246656894684
0.915028154850006
0.999329507350922
0.99780684709549
0.950243592262268
0.761808753013611
0.768787980079651
0.758899688720703
0.991459250450134
0.893707931041718
0.93562388420105
0.950243592262268
0.945671021938324
0.992007315158844
0.861240446567535
0.998292505741119
0.809998512268066
0.972894251346588
0.813196659088135
0.945671021938324
0.87025648355484
0.952005863189697
0.593776643276215
0.996531546115875
0.535595893859863
0.795941650867462
0.992007315158844
0.87025648355484
0.848265051841736
0.965639650821686
0.677580535411835
0.989745020866394
0.763526737689972
0.861240446567535
0.952005863189697
0.848265051841736
0.440403938293457
0.851917743682861
0.25267630815506
0.791906356811523
0.998292505741119
0.593776643276215
0.965639650821686
0.440403938293457
0.955442488193512
0.995882630348206
0.908361434936523
0.809998512268066
0.996531546115875
0.677580535411835
0.851917743682861
0.955442488193512
0.791589319705963
0.906559467315674
0.972894251346588
0.535595893859863
0.989745020866394
0.25267630815506
0.995882630348206
0.791589319705963
0.953902304172516
0.813196659088135
0.795941650867462
0.763526737689972
0.791906356811523
0.908361434936523
0.906559467315674
0.953902304172516
0.951414227485657
0.999819815158844
0.948347270488739
0.998809695243835
0.938248455524445
0.998560428619385
0.784016191959381
0.951414227485657
0.920500814914703
0.993167281150818
0.902767300605774
0.999250829219818
0.880670130252838
0.916339337825775
0.999819815158844
0.920500814914703
0.941598832607269
0.996277749538422
0.94115686416626
0.998269081115723
0.795413792133331
0.948347270488739
0.993167281150818
0.941598832607269
0.904980659484863
0.988677263259888
0.922598838806152
0.996501922607422
0.998809695243835
0.902767300605774
0.996277749538422
0.904980659484863
0.97557258605957
0.999633371829987
0.934037625789642
0.938248455524445
0.999250829219818
0.94115686416626
0.988677263259888
0.97557258605957
0.973171293735504
0.962560296058655
0.998560428619385
0.880670130252838
0.998269081115723
0.922598838806152
0.999633371829987
0.973171293735504
0.878084301948547
0.784016191959381
0.916339337825775
0.795413792133331
0.996501922607422
0.934037625789642
0.962560296058655
0.878084301948547
0.920374035835266
0.999758780002594
0.821224868297577
0.999187827110291
0.899016737937927
0.997432589530945
0.660376012325287
0.920374035835266
0.674032688140869
0.858323156833649
0.824264585971832
0.997437059879303
0.672048091888428
0.823246777057648
0.999758780002594
0.674032688140869
0.606789350509644
0.997589230537415
0.721350073814392
0.99902880191803
0.56284511089325
0.821224868297577
0.858323156833649
0.606789350509644
0.564185976982117
0.479227751493454
0.42361718416214
0.995354056358337
0.999187827110291
0.824264585971832
0.997589230537415
0.564185976982117
0.961479663848877
0.999805808067322
0.935446619987488
0.899016737937927
0.997437059879303
0.721350073814392
0.479227751493454
0.961479663848877
0.864116728305817
0.887552678585052
0.997432589530945
0.672048091888428
0.99902880191803
0.42361718416214
0.999805808067322
0.864116728305817
0.851561844348907
0.660376012325287
0.823246777057648
0.56284511089325
0.995354056358337
0.935446619987488
0.887552678585052
0.851561844348907
0.998557269573212
0.99881374835968
0.933886110782623
0.998989522457123
0.997356593608856
0.994676053524017
0.946892321109772
0.998557269573212
0.964819133281708
0.966085374355316
0.978181540966034
0.999742209911346
0.928396224975586
0.995886504650116
0.99881374835968
0.964819133281708
0.908811569213867
0.999476909637451
0.951669335365295
0.9997518658638
0.774399220943451
0.933886110782623
0.966085374355316
0.908811569213867
0.879304051399231
0.93190324306488
0.808239459991455
0.983873069286346
0.998989522457123
0.978181540966034
0.999476909637451
0.879304051399231
0.990317821502686
0.999755501747131
0.915309131145477
0.997356593608856
0.999742209911346
0.951669335365295
0.93190324306488
0.990317821502686
0.958636403083801
0.99635374546051
0.994676053524017
0.928396224975586
0.9997518658638
0.808239459991455
0.999755501747131
0.958636403083801
0.752807080745697
0.946892321109772
0.995886504650116
0.774399220943451
0.983873069286346
0.915309131145477
0.99635374546051
0.752807080745697
0.899060010910034
0.997440099716187
0.921185970306396
0.999237239360809
0.948961973190308
0.996043562889099
0.749393343925476
0.899060010910034
0.958751678466797
0.802322328090668
0.751427531242371
0.997638702392578
0.746285498142242
0.561647057533264
0.997440099716187
0.958751678466797
0.905734300613403
0.985041677951813
0.961175501346588
0.970302820205688
0.532796382904053
0.921185970306396
0.802322328090668
0.905734300613403
0.884467482566834
0.839501023292542
0.653761863708496
0.977282047271729
0.999237239360809
0.751427531242371
0.985041677951813
0.884467482566834
0.972686290740967
0.999365150928497
0.823570549488068
0.948961973190308
0.997638702392578
0.961175501346588
0.839501023292542
0.972686290740967
0.932973921298981
0.807299017906189
0.996043562889099
0.746285498142242
0.970302820205688
0.653761863708496
0.999365150928497
0.932973921298981
0.871684432029724
0.749393343925476
0.561647057533264
0.532796382904053
0.977282047271729
0.823570549488068
0.807299017906189
0.871684432029724
0.947607636451721
0.999251306056976
0.878309488296509
0.994764149188995
0.897614121437073
0.980985701084137
0.724541127681732
0.947607636451721
0.87027370929718
0.986935675144196
0.747269928455353
0.997370362281799
0.591284275054932
0.976661860942841
0.999251306056976
0.87027370929718
0.746044993400574
0.992360353469849
0.706385016441345
0.992607474327087
0.501586079597473
0.878309488296509
0.986935675144196
0.746044993400574
0.710459351539612
0.955213665962219
0.240506589412689
0.993790030479431
0.994764149188995
0.747269928455353
0.992360353469849
0.710459351539612
0.893011569976807
0.999210298061371
0.657638967037201
0.897614121437073
0.997370362281799
0.706385016441345
0.955213665962219
0.893011569976807
0.778941452503204
0.988923251628876
0.980985701084137
0.591284275054932
0.992607474327087
0.240506589412689
0.999210298061371
0.778941452503204
0.442411720752716
0.724541127681732
0.976661860942841
0.501586079597473
0.993790030479431
0.657638967037201
0.988923251628876
0.442411720752716
0.994471490383148
0.999778866767883
0.97070449590683
0.999493181705475
0.985649168491364
0.998695909976959
0.948683023452759
0.994471490383148
0.98477029800415
0.984316825866699
0.971641898155212
0.999363005161285
0.965873181819916
0.944690227508545
0.999778866767883
0.98477029800415
0.978937685489655
0.998656570911407
0.983329594135284
0.998953580856323
0.945946335792542
0.97070449590683
0.984316825866699
0.978937685489655
0.91856586933136
0.964514970779419
0.931917905807495
0.998907446861267
0.999493181705475
0.971641898155212
0.998656570911407
0.91856586933136
0.995830059051514
0.999932706356049
0.984777271747589
0.985649168491364
0.999363005161285
0.983329594135284
0.964514970779419
0.995830059051514
0.992884814739227
0.970908164978027
0.998695909976959
0.965873181819916
0.998953580856323
0.931917905807495
0.999932706356049
0.992884814739227
0.984302222728729
0.948683023452759
0.944690227508545
0.945946335792542
0.998907446861267
0.984777271747589
0.970908164978027
0.984302222728729
0.938690006732941
0.974637687206268
0.89918440580368
0.991041243076324
0.780550003051758
0.974219679832459
0.836524128913879
0.938690006732941
0.741973519325256
0.867870211601257
0.822269320487976
0.99901682138443
0.641818225383759
0.926105618476868
0.974637687206268
0.741973519325256
0.722332298755646
0.969409942626953
0.605530858039856
0.987782716751099
0.587540209293365
0.89918440580368
0.867870211601257
0.722332298755646
0.741474568843842
0.768575847148895
0.678465187549591
0.993036210536957
0.991041243076324
0.822269320487976
0.969409942626953
0.741474568843842
0.867094576358795
0.999645531177521
0.95216315984726
0.780550003051758
0.99901682138443
0.605530858039856
0.768575847148895
0.867094576358795
0.799651503562927
0.977406561374664
0.974219679832459
0.641818225383759
0.987782716751099
0.678465187549591
0.999645531177521
0.799651503562927
0.924331367015839
0.836524128913879
0.926105618476868
0.587540209293365
0.993036210536957
0.95216315984726
0.977406561374664
0.924331367015839
0.989191472530365
0.998601853847504
0.780781030654907
0.996401488780975
0.95775580406189
0.985976099967957
0.259797006845474
0.989191472530365
0.971693992614746
0.738526225090027
0.881978809833527
0.998498916625977
0.876976490020752
0.378044903278351
0.998601853847504
0.971693992614746
0.942713499069214
0.989779710769653
0.921314477920532
0.998333036899567
0.720818221569061
0.780781030654907
0.738526225090027
0.942713499069214
0.619644522666931
0.453394263982773
0.773987352848053
0.996881663799286
0.996401488780975
0.881978809833527
0.989779710769653
0.619644522666931
0.975683093070984
0.999102175235748
0.707005321979523
0.95775580406189
0.998498916625977
0.921314477920532
0.453394263982773
0.975683093070984
0.970911681652069
0.428759336471558
0.985976099967957
0.876976490020752
0.998333036899567
0.773987352848053
0.999102175235748
0.970911681652069
0.864056169986725
0.259797006845474
0.378044903278351
0.720818221569061
0.996881663799286
0.707005321979523
0.428759336471558
0.864056169986725
0.958447098731995
0.999840974807739
0.134434923529625
0.999831914901733
0.936699867248535
0.998283565044403
0.143473267555237
0.958447098731995
0.95532214641571
0.126666307449341
0.954812288284302
0.999363362789154
0.939858436584473
0.181959673762321
0.999840974807739
0.95532214641571
0.0366893373429775
0.998688936233521
0.929775238037109
0.999335587024689
0.0227270722389221
0.134434923529625
0.126666307449341
0.0366893373429775
0.0469489395618439
0.134328633546829
0.0294334776699543
0.99966835975647
0.999831914901733
0.954812288284302
0.998688936233521
0.0469489395618439
0.992026686668396
0.999839544296265
0.231468349695206
0.936699867248535
0.999363362789154
0.929775238037109
0.134328633546829
0.992026686668396
0.986517548561096
0.117256566882133
0.998283565044403
0.939858436584473
0.999335587024689
0.0294334776699543
0.999839544296265
0.986517548561096
0.116682812571526
0.143473267555237
0.181959673762321
0.0227270722389221
0.99966835975647
0.231468349695206
0.117256566882133
0.116682812571526
0.976099193096161
0.998540997505188
0.396007508039474
0.999027490615845
0.98159784078598
0.991993725299835
0.0920628979802132
0.976099193096161
0.969933807849884
0.086810328066349
0.921665251255035
0.99501895904541
0.870385587215424
0.52623039484024
0.998540997505188
0.969933807849884
0.458508014678955
0.984380185604095
0.9867262840271
0.997211873531342
0.168763726949692
0.396007508039474
0.086810328066349
0.458508014678955
0.105430595576763
0.107830718159676
0.694026827812195
0.987928628921509
0.999027490615845
0.921665251255035
0.984380185604095
0.105430595576763
0.99789696931839
0.999681413173676
0.677907586097717
0.98159784078598
0.99501895904541
0.9867262840271
0.107830718159676
0.99789696931839
0.996284127235413
0.605903446674347
0.991993725299835
0.870385587215424
0.997211873531342
0.694026827812195
0.999681413173676
0.996284127235413
0.882244348526001
0.0920628979802132
0.52623039484024
0.168763726949692
0.987928628921509
0.677907586097717
0.605903446674347
0.882244348526001
