0.999467134475708
0.987826406955719
0.82665354013443
0.997711420059204
0.964658737182617
0.999599933624268
0.332327485084534
0.712025105953217
0.80476188659668
0.82665354013443
0.626680731773376
0.7706538438797
0.689995229244232
0.98934018611908
0.999808788299561
0.9963498711586
0.997711420059204
0.626680731773376
0.99931412935257
0.999564826488495
0.285308033227921
0.990933239459991
0.999829411506653
0.964658737182617
0.7706538438797
0.99931412935257
0.989392399787903
0.206526562571526
0.995059072971344
0.969620525836945
0.999599933624268
0.689995229244232
0.999564826488495
0.989392399787903
0.244126871228218
0.261882275342941
0.222352966666222
0.332327485084534
0.98934018611908
0.285308033227921
0.206526562571526
0.244126871228218
0.960160076618195
0.999971091747284
0.646864414215088
0.999910473823547
0.903983950614929
0.999481439590454
0.743134737014771
0.960160076618195
0.907194375991821
0.302366822957993
0.949369251728058
0.996920704841614
0.845883846282959
0.573437094688416
0.999971091747284
0.907194375991821
0.570915758609772
0.999435663223267
0.881620466709137
0.99993234872818
0.764654219150543
0.646864414215088
0.302366822957993
0.570915758609772
0.328279137611389
0.450566589832306
0.265672385692596
0.987362265586853
0.999910473823547
0.949369251728058
0.999435663223267
0.328279137611389
0.922885179519653
0.999588310718536
0.629053115844727
0.903983950614929
0.996920704841614
0.881620466709137
0.450566589832306
0.922885179519653
0.852386116981506
0.464053630828857
0.999481439590454
0.845883846282959
0.99993234872818
0.265672385692596
0.999588310718536
0.852386116981506
0.669728457927704
0.743134737014771
0.573437094688416
0.764654219150543
0.987362265586853
0.629053115844727
0.464053630828857
0.669728457927704
0.970328629016876
0.999627709388733
0.878938853740692
0.991287231445313
0.787770688533783
0.991271674633026
0.821550905704498
0.970328629016876
0.960003137588501
0.758779942989349
0.933815360069275
0.997992336750031
0.828305542469025
0.736691117286682
0.999627709388733
0.960003137588501
0.88586813211441
0.982465147972107
0.740903854370117
0.996728360652924
0.752892196178436
0.878938853740692
0.758779942989349
0.88586813211441
0.57037478685379
0.44709125161171
0.543327927589417
0.993790864944458
0.991287231445313
0.933815360069275
0.982465147972107
0.57037478685379
0.98648589849472
0.999793469905853
0.918694913387299
0.787770688533783
0.997992336750031
0.740903854370117
0.44709125161171
0.98648589849472
0.942656338214874
0.736017763614655
0.991271674633026
0.828305542469025
0.996728360652924
0.543327927589417
0.999793469905853
0.942656338214874
0.960129082202911
0.821550905704498
0.736691117286682
0.752892196178436
0.993790864944458
0.918694913387299
0.736017763614655
0.960129082202911
0.984162092208862
0.998988568782806
0.872838079929352
0.99489426612854
0.891912400722504
0.978711903095245
0.868801891803741
0.984162092208862
0.878373682498932
0.839400947093964
0.7979975938797
0.971273005008698
0.781588613986969
0.897402346134186
0.998988568782806
0.878373682498932
0.566334307193756
0.998698353767395
0.936352908611298
0.994363784790039
0.688700079917908
0.872838079929352
0.839400947093964
0.566334307193756
0.334827750921249
0.351166993379593
0.45195347070694
0.937472939491272
0.99489426612854
0.7979975938797
0.998698353767395
0.334827750921249
0.979887962341309
0.999576449394226
0.80780154466629
0.891912400722504
0.971273005008698
0.936352908611298
0.351166993379593
0.979887962341309
0.988736629486084
0.8407222032547
0.978711903095245
0.781588613986969
0.994363784790039
0.45195347070694
0.999576449394226
0.988736629486084
0.843742370605469
0.868801891803741
0.897402346134186
0.688700079917908
0.937472939491272
0.80780154466629
0.8407222032547
0.843742370605469
0.945954024791718
0.999988853931427
0.922962546348572
0.998889088630676
0.902414679527283
0.997561812400818
0.784940421581268
0.945954024791718
0.935544371604919
0.911424279212952
0.924516439437866
0.999308228492737
0.865809857845306
0.949794054031372
0.999988853931427
0.935544371604919
0.95160698890686
0.997750997543335
0.871371865272522
0.998815476894379
0.699196338653564
0.922962546348572
0.911424279212952
0.95160698890686
0.868510901927948
0.827860772609711
0.828680276870728
0.997754871845245
0.998889088630676
0.924516439437866
0.997750997543335
0.868510901927948
0.980773091316223
0.999967873096466
0.949388444423676
0.902414679527283
0.999308228492737
0.871371865272522
0.827860772609711
0.980773091316223
0.955042660236359
0.967154622077942
0.997561812400818
0.865809857845306
0.998815476894379
0.828680276870728
0.999967873096466
0.955042660236359
0.89419811964035
0.784940421581268
0.949794054031372
0.699196338653564
0.997754871845245
0.949388444423676
0.967154622077942
0.89419811964035
0.997044026851654
0.997815608978271
0.961533010005951
0.998783111572266
0.939153432846069
0.988519787788391
0.878657758235931
0.997044026851654
0.962216436862946
0.971613883972168
0.96639347076416
0.996335864067078
0.930385172367096
0.955651223659515
0.997815608978271
0.962216436862946
0.997890830039978
0.999341547489166
0.976811945438385
0.998346269130707
0.986303269863129
0.961533010005951
0.971613883972168
0.997890830039978
0.990663170814514
0.956835746765137
0.974574983119965
0.999187111854553
0.998783111572266
0.96639347076416
0.999341547489166
0.990663170814514
0.998572409152985
0.999729990959167
0.985226571559906
0.939153432846069
0.996335864067078
0.976811945438385
0.956835746765137
0.998572409152985
0.997354447841644
0.958624541759491
0.988519787788391
0.930385172367096
0.998346269130707
0.974574983119965
0.999729990959167
0.997354447841644
0.993912220001221
0.878657758235931
0.955651223659515
0.986303269863129
0.999187111854553
0.985226571559906
0.958624541759491
0.993912220001221
0.944394290447235
0.999784827232361
0.875892758369446
0.999171853065491
0.960538148880005
0.99738347530365
0.892657220363617
0.944394290447235
0.884084463119507
0.965768456459045
0.875899612903595
0.996116161346436
0.795231699943542
0.956097364425659
0.999784827232361
0.884084463119507
0.738928020000458
0.994019687175751
0.920696496963501
0.999499320983887
0.734285712242126
0.875892758369446
0.965768456459045
0.738928020000458
0.619054198265076
0.912207722663879
0.541842043399811
0.999307930469513
0.999171853065491
0.875899612903595
0.994019687175751
0.619054198265076
0.970513045787811
0.999964952468872
0.856092691421509
0.960538148880005
0.996116161346436
0.920696496963501
0.912207722663879
0.970513045787811
0.948514878749847
0.969000279903412
0.99738347530365
0.795231699943542
0.999499320983887
0.541842043399811
0.999964952468872
0.948514878749847
0.709694504737854
0.892657220363617
0.956097364425659
0.734285712242126
0.999307930469513
0.856092691421509
0.969000279903412
0.709694504737854
0.994550228118896
0.999908745288849
0.97150069475174
0.99979031085968
0.986402153968811
0.997963845729828
0.934306144714355
0.994550228118896
0.98460590839386
0.990717828273773
0.970949769020081
0.999868452548981
0.938292860984802
0.966491281986237
0.999908745288849
0.98460590839386
0.965225696563721
0.998687148094177
0.974302470684052
0.999718964099884
0.914030432701111
0.97150069475174
0.990717828273773
0.965225696563721
0.938245058059692
0.970113158226013
0.895529925823212
0.999619960784912
0.99979031085968
0.970949769020081
0.998687148094177
0.938245058059692
0.994193136692047
0.999551177024841
0.968256115913391
0.986402153968811
0.999868452548981
0.974302470684052
0.970113158226013
0.994193136692047
0.967290818691254
0.989766955375671
0.997963845729828
0.938292860984802
0.999718964099884
0.895529925823212
0.999551177024841
0.967290818691254
0.88586413860321
0.934306144714355
0.966491281986237
0.914030432701111
0.999619960784912
0.968256115913391
0.989766955375671
0.88586413860321
0.952361285686493
0.99122029542923
0.90790057182312
0.999775528907776
0.988138020038605
0.969825029373169
0.92700058221817
0.952361285686493
0.942602097988129
0.748933613300323
0.922558426856995
0.992993354797363
0.463561654090881
0.785423994064331
0.99122029542923
0.942602097988129
0.819789886474609
0.982735574245453
0.976493656635284
0.975740015506744
0.858402192592621
0.90790057182312
0.748933613300323
0.819789886474609
0.856982946395874
0.861626029014587
0.83741158246994
0.999437689781189
0.999775528907776
0.922558426856995
0.982735574245453
0.856982946395874
0.998580038547516
0.991697609424591
0.974990129470825
0.988138020038605
0.992993354797363
0.976493656635284
0.861626029014587
0.998580038547516
0.918874859809875
0.948523700237274
0.969825029373169
0.463561654090881
0.975740015506744
0.83741158246994
0.991697609424591
0.918874859809875
0.949429869651794
0.92700058221817
0.785423994064331
0.858402192592621
0.999437689781189
0.974990129470825
0.948523700237274
0.949429869651794
0.995266318321228
0.999984860420227
0.41015499830246
0.99990040063858
0.996974945068359
0.999879479408264
0.991259276866913
0.995266318321228
0.994492292404175
0.21776919066906
0.982442855834961
0.999699771404266
0.989818572998047
0.914191603660584
0.999984860420227
0.994492292404175
0.374661535024643
0.999744355678558
0.996931552886963
0.999861001968384
0.985122561454773
0.41015499830246
0.21776919066906
0.374661535024643
0.306989073753357
0.0606623888015747
0.277983903884888
0.79664933681488
0.99990040063858
0.982442855834961
0.999744355678558
0.306989073753357
0.998668491840363
0.999995768070221
0.998235285282135
0.996974945068359
0.999699771404266
0.996931552886963
0.0606623888015747
0.998668491840363
0.999549329280853
0.979414105415344
0.999879479408264
0.989818572998047
0.999861001968384
0.277983903884888
0.999995768070221
0.999549329280853
0.996202051639557
0.991259276866913
0.914191603660584
0.985122561454773
0.79664933681488
0.998235285282135
0.979414105415344
0.996202051639557
0.90876317024231
0.999203324317932
0.941597998142242
0.999357104301453
0.921150267124176
0.993867158889771
0.709543108940125
0.90876317024231
0.820508241653442
0.942896366119385
0.759336888790131
0.978698074817657
0.680972635746002
0.672723889350891
0.999203324317932
0.820508241653442
0.94035130739212
0.994208693504334
0.786399066448212
0.998132824897766
0.750127017498016
0.941597998142242
0.942896366119385
0.94035130739212
0.905433297157288
0.948167681694031
0.914320707321167
0.995638430118561
0.999357104301453
0.759336888790131
0.994208693504334
0.905433297157288
0.970374643802643
0.999902427196503
0.877773344516754
0.921150267124176
0.978698074817657
0.786399066448212
0.948167681694031
0.970374643802643
0.94904088973999
0.934329628944397
0.993867158889771
0.680972635746002
0.998132824897766
0.914320707321167
0.999902427196503
0.94904088973999
0.893312573432922
0.709543108940125
0.672723889350891
0.750127017498016
0.995638430118561
0.877773344516754
0.934329628944397
0.893312573432922
0.986157715320587
0.999774277210236
0.962981104850769
0.999472677707672
0.978864073753357
0.996983110904694
0.647262513637543
0.986157715320587
0.952604591846466
0.781236529350281
0.962390720844269
0.999649822711945
0.907457709312439
0.728313028812408
0.999774277210236
0.952604591846466
0.959611654281616
0.99520218372345
0.912729263305664
0.999233782291412
0.842774331569672
0.962981104850769
0.781236529350281
0.959611654281616
0.872094690799713
0.583163797855377
0.941334068775177
0.986924469470978
0.999472677707672
0.962390720844269
0.99520218372345
0.872094690799713
0.994806587696075
0.999726831912994
0.882937669754028
0.978864073753357
0.999649822711945
0.912729263305664
0.583163797855377
0.994806587696075
0.949649155139923
0.900020122528076
0.996983110904694
0.907457709312439
0.999233782291412
0.941334068775177
0.999726831912994
0.949649155139923
0.944583714008331
0.647262513637543
0.728313028812408
0.842774331569672
0.986924469470978
0.882937669754028
0.900020122528076
0.944583714008331
0.94212418794632
0.999887704849243
0.730696558952332
0.999475419521332
0.922854006290436
0.998916804790497
0.197653591632843
0.94212418794632
0.909782528877258
0.872039318084717
0.886143147945404
0.999151885509491
0.885249793529511
0.503133356571198
0.999887704849243
0.909782528877258
0.74978905916214
0.999166250228882
0.882061243057251
0.999072432518005
0.334050565958023
0.730696558952332
0.872039318084717
0.74978905916214
0.531172394752502
0.84826523065567
0.699392199516296
0.972127556800842
0.999475419521332
0.886143147945404
0.999166250228882
0.531172394752502
0.952191174030304
0.999798774719238
0.306754231452942
0.922854006290436
0.999151885509491
0.882061243057251
0.84826523065567
0.952191174030304
0.935234844684601
0.370254337787628
0.998916804790497
0.885249793529511
0.999072432518005
0.699392199516296
0.999798774719238
0.935234844684601
0.60892254114151
0.197653591632843
0.503133356571198
0.334050565958023
0.972127556800842
0.306754231452942
0.370254337787628
0.60892254114151
0.975634813308716
0.999950766563416
0.680017948150635
0.993801891803741
0.924072802066803
0.960330009460449
0.676900625228882
0.975634813308716
0.954432547092438
0.349216103553772
0.883434593677521
0.99471789598465
0.799746096134186
0.800922155380249
0.999950766563416
0.954432547092438
0.526423156261444
0.991708695888519
0.885516881942749
0.96188348531723
0.733129322528839
0.680017948150635
0.349216103553772
0.526423156261444
0.431164026260376
0.351998597383499
0.4906365275383
0.776345670223236
0.993801891803741
0.883434593677521
0.991708695888519
0.431164026260376
0.9956876039505
0.994061470031738
0.912475228309631
0.924072802066803
0.99471789598465
0.885516881942749
0.351998597383499
0.9956876039505
0.968753397464752
0.953595399856567
0.960330009460449
0.799746096134186
0.96188348531723
0.4906365275383
0.994061470031738
0.968753397464752
0.994387328624725
0.676900625228882
0.800922155380249
0.733129322528839
0.776345670223236
0.912475228309631
0.953595399856567
0.994387328624725
0.993763506412506
0.999963164329529
0.402392596006393
0.998309969902039
0.98322319984436
0.996532797813416
0.101143553853035
0.993763506412506
0.984385013580322
0.755865633487701
0.95993185043335
0.998909890651703
0.887851893901825
0.350558429956436
0.999963164329529
0.984385013580322
0.372182607650757
0.993963241577148
0.950881540775299
0.996635019779205
0.207239136099815
0.402392596006393
0.755865633487701
0.372182607650757
0.0939526334404945
0.372762739658356
0.373944967985153
0.998087584972382
0.998309969902039
0.95993185043335
0.993963241577148
0.0939526334404945
0.996255278587341
0.999592006206512
0.136993423104286
0.98322319984436
0.998909890651703
0.950881540775299
0.372762739658356
0.996255278587341
0.983214557170868
0.438462227582932
0.996532797813416
0.887851893901825
0.996635019779205
0.373944967985153
0.999592006206512
0.983214557170868
0.619176506996155
0.101143553853035
0.350558429956436
0.207239136099815
0.998087584972382
0.136993423104286
0.438462227582932
0.619176506996155
0.997003674507141
0.99997740983963
0.721896469593048
0.999012887477875
0.962320864200592
0.998205006122589
0.465901732444763
0.997003674507141
0.998119115829468
0.596947848796844
0.963226735591888
0.999044716358185
0.950199842453003
0.186448603868484
0.99997740983963
0.998119115829468
0.786628305912018
0.995178818702698
0.968895971775055
0.997552871704102
0.196944832801819
0.721896469593048
0.596947848796844
0.786628305912018
0.641820549964905
0.471037060022354
0.452733278274536
0.985350787639618
0.999012887477875
0.963226735591888
0.995178818702698
0.641820549964905
0.967985570430756
0.999396979808807
0.638154864311218
0.962320864200592
0.999044716358185
0.968895971775055
0.471037060022354
0.967985570430756
0.966272413730621
0.300926774740219
0.998205006122589
0.950199842453003
0.997552871704102
0.452733278274536
0.999396979808807
0.966272413730621
0.873372495174408
0.465901732444763
0.186448603868484
0.196944832801819
0.985350787639618
0.638154864311218
0.300926774740219
0.873372495174408
0.997712552547455
0.988922297954559
0.478086680173874
0.997051477432251
0.969903171062469
0.962068557739258
0.719248175621033
0.997712552547455
0.895384728908539
0.612168848514557
0.952666997909546
0.996970951557159
0.845759451389313
0.587848305702209
0.988922297954559
0.895384728908539
0.88743394613266
0.953924536705017
0.921417713165283
0.995033621788025
0.413502156734467
0.478086680173874
0.612168848514557
0.88743394613266
0.494185388088226
0.708010733127594
0.603826522827148
0.965818643569946
0.997051477432251
0.952666997909546
0.953924536705017
0.494185388088226
0.996529579162598
0.995665192604065
0.702770948410034
0.969903171062469
0.996970951557159
0.921417713165283
0.708010733127594
0.996529579162598
0.968750476837158
0.763317465782166
0.962068557739258
0.845759451389313
0.995033621788025
0.603826522827148
0.995665192604065
0.968750476837158
0.886892557144165
0.719248175621033
0.587848305702209
0.413502156734467
0.965818643569946
0.702770948410034
0.763317465782166
0.886892557144165
